 -0.47984704965354E-05 -0.39671308458254E-05  0.13237438124306E-02
  0.87013576786626E-05 -0.62926311122892E-04 -0.14567847202489E-03
 -0.10567786523149E-04 -0.24334148290526E-04 -0.13180128196656E-02
  0.26399233380381E-11 -0.72499628595738E-12 -0.38265793992323E-04
  0.11310147262217E-12 -0.17337096372005E-11 -0.13143669319575E-02
 -0.13355068449163E-04  0.49503969202478E-04 -0.18483593748086E-03
  0.79266007730368E-05  0.19410329608831E-04 -0.13182646688306E-02
 -0.12714596948201E-04 -0.35977198356141E-04 -0.13239768866897E-02
 -0.30929726145888E-04  0.12227735119975E-03 -0.42458126445008E-03
 -0.16307801271316E-04  0.11935854492001E-03 -0.43858377383552E-03
  0.16957596520541E-05  0.10858884654290E-04 -0.13222785836371E-02
 -0.31983632211482E-04 -0.68785699177071E-04 -0.28070786077455E-03
 -0.19132502996395E-04 -0.23960045290264E-04 -0.13208132010322E-02
 -0.36194160857283E-04 -0.36317811044647E-04 -0.18483593728389E-03
 -0.20773139966407E-04 -0.28405279311550E-05 -0.13182646681519E-02
  0.65317882612500E-05  0.20049071988333E-04 -0.13216645094806E-02
 -0.58846463094469E-04  0.23927557718462E-04 -0.14567847238701E-03
 -0.17451594076311E-04 -0.41365425758762E-04 -0.22980818981100E-03
 -0.64658455711214E-04  0.52225138939967E-04 -0.39806787579248E-03
 -0.11351004874564E-03  0.26809544461569E-04 -0.45019624844124E-03
  0.13604793088804E-04 -0.81846697711157E-06 -0.13260460104298E-02
 -0.12255775290603E-03 -0.62571344052406E-05 -0.43439610116126E-03
 -0.10364030612575E-05 -0.61391614770040E-05 -0.13237438080008E-02
  0.53018944372686E-04 -0.59793385555670E-04 -0.31328369939214E-03
 -0.13568775634800E-05 -0.31504179662494E-04 -0.13225527278306E-02
  0.51336986259142E-05  0.39246483095038E-05 -0.13229486965299E-02
  0.49549230238750E-04 -0.13186156607254E-04 -0.18483593658125E-03
  0.50145106040084E-04  0.38998751491509E-04 -0.14567847089972E-03
  0.26357882456303E-04  0.30151039258455E-05 -0.13180128200550E-02
  0.25273114591197E-04  0.75812448548816E-04 -0.31328369980812E-03
  0.27961859081466E-04  0.14576998571685E-04 -0.13225527289707E-02
 -0.50321619378097E-04  0.99390932107729E-04 -0.45247826085562E-03
  0.16037398409309E-04  0.10242392239470E-04 -0.13238681393582E-02
  0.12846539345112E-04 -0.16569802253846E-04 -0.13182646695108E-02
 -0.15790098060230E-04  0.21319044928018E-04 -0.13180128183520E-02
 -0.43578346086248E-04  0.62091488574479E-04 -0.28070786101524E-03
 -0.11183756645886E-04  0.28549255475842E-04 -0.13208132017744E-02
 -0.16307802524428E-04 -0.11935854273336E-03  0.43858377220973E-03
 -0.22183180743123E-04 -0.21243573103932E-04  0.13272596039046E-02
  0.73608588783168E-05  0.22439461227604E-04  0.33836217286235E-03
 -0.24799870043469E-04 -0.28999764226076E-04  0.13239768863565E-02
 -0.27097712464265E-04 -0.35796236612349E-04  0.22980818951308E-03
 -0.11183756989420E-04 -0.28549255443916E-04  0.13208132037794E-02
  0.16957582916973E-05 -0.10858883191915E-04  0.13222785828413E-02
 -0.43578345454590E-04 -0.62091486358056E-04  0.28070785881170E-03
 -0.30929726240995E-04 -0.12227735035387E-03  0.42458126659596E-03
  0.16037397624913E-04 -0.10242389123322E-04  0.13238681380232E-02
 -0.50321622034066E-04 -0.99390930563915E-04  0.45247826519712E-03
 -0.59656958667841E-05 -0.24835922786252E-05  0.13229486997371E-02
 -0.12899070921473E-04  0.82108428628494E-04  0.39806786491572E-03
 -0.16888872861008E-04 -0.87675963955421E-05  0.13238681380974E-02
  0.65317878318413E-05 -0.20049072031379E-04  0.13216645078362E-02
  0.16896476598136E-04 -0.12191882464723E-03  0.43014471136798E-03
 -0.89735701893669E-05 -0.18632085554468E-04  0.13231678052391E-02
  0.44273568103144E-04 -0.54257545144066E-04  0.27760787608949E-03
 -0.11403303781050E-03 -0.46326632726991E-04 -0.43014471080465E-03
 -0.11649070611302E-04 -0.17087380647235E-04 -0.13231678062651E-02
 -0.90430432482497E-04 -0.87924600079593E-04 -0.42458126487191E-03
 -0.20628901060507E-04 -0.43678437134895E-05 -0.13216645067521E-02
 -0.78292065441355E-04 -0.16019063946691E-04 -0.31328369775654E-03
 -0.26604980702272E-04  0.16927179755410E-04 -0.13225527287472E-02
 -0.95213634482752E-04 -0.73802242127367E-04 -0.43858377707734E-03
 -0.10251944378122E-04 -0.39608726279666E-05 -0.13222785869616E-02
 -0.40937732557335E-04 -0.14903424424911E-04 -0.34677824694297E-03
 -0.23001275262911E-05 -0.26372845012775E-06 -0.13218808650642E-02
  0.92166665166984E-06  0.21238332851060E-05 -0.13218808692675E-02
  0.55860041220594E-04 -0.10926669774467E-03  0.43439610005834E-03
  0.92166852892442E-06 -0.21238284311473E-05  0.13218808689587E-02
  0.75621187372738E-05 -0.42904835260790E-04  0.34677823921899E-03
 -0.18327756383665E-04 -0.24176241119207E-04  0.13263468281709E-02
  0.29489066633137E-04  0.85894139806779E-05 -0.13272596029019E-02
 -0.23113571360956E-04  0.48450381883911E-05 -0.33836217332021E-03
  0.37514467873346E-04  0.69774331995149E-05 -0.13239768873075E-02
  0.44549307711932E-04  0.55691872516636E-05 -0.22980818792094E-03
 -0.20891354802827E-04  0.23007397154512E-04 -0.13310010299553E-02
  0.56409217572527E-04  0.40526980478876E-04 -0.18267960728964E-03
 -0.14256666056567E-04  0.75502365770788E-05 -0.13317619948164E-02
  0.10679028507896E-04  0.78586695925493E-04 -0.29565445970012E-03
 -0.10858696099237E-04 -0.15035376795590E-04 -0.13308335901290E-02
  0.15752713061002E-04  0.17594420459160E-04 -0.33836217251168E-03
  0.66400917158341E-04  0.22500092320313E-04 -0.19808511469012E-03
 -0.73058843712792E-05 -0.29832986236270E-04 -0.13272596033317E-02
 -0.59656976935242E-05  0.24835898695162E-05 -0.13229486995475E-02
  0.33537278770457E-04 -0.11170735587967E-03 -0.45019624934816E-03
 -0.60935795132245E-05  0.12191333468879E-04 -0.13260460132267E-02
  0.62718560573737E-04 -0.48541657454583E-04 -0.29565445851849E-03
 -0.75916719032511E-05  0.16921592178625E-04 -0.13308335901927E-02
  0.35111134996503E-04  0.67883048824432E-07 -0.65965639115892E-04
 -0.12899069982446E-04 -0.82108429158730E-04 -0.39806786308831E-03
 -0.22183182824832E-04  0.21243574003241E-04 -0.13272596033919E-02
  0.73608578346593E-05 -0.22439458786993E-04 -0.33836217352502E-03
 -0.16888870383247E-04  0.87675998771730E-05 -0.13238681371742E-02
  0.16896478665117E-04  0.12191882675715E-03 -0.43014471145163E-03
 -0.89735728473645E-05  0.18632082828902E-04 -0.13231678051065E-02
  0.55860041518240E-04  0.10926669831864E-03 -0.43439610072589E-03
 -0.47984673794601E-05  0.39671294386650E-05 -0.13237438101516E-02
  0.77557523690913E-04  0.29883294057762E-04 -0.39806787734623E-03
  0.83199761809958E-06 -0.64082378903314E-05 -0.13229486967229E-02
 -0.27097712461885E-04  0.35796237474768E-04 -0.22980819134655E-03
 -0.24799869748605E-04  0.28999764708808E-04 -0.13239768870379E-02
  0.44273568488651E-04  0.54257540754545E-04 -0.27760787471251E-03
 -0.18327755915540E-04  0.24176242003158E-04 -0.13263468292784E-02
  0.74799374824026E-04  0.10736412181803E-03 -0.41026776790639E-03
 -0.13363442540397E-04  0.66876881344819E-05 -0.13272561370511E-02
  0.79972767318325E-04  0.84897815497206E-04 -0.45019624232040E-03
 -0.75112085555749E-05 -0.11372863173171E-04 -0.13260460111223E-02
 -0.60914260798364E-04 -0.93275271940926E-04 -0.45247826457926E-03
 -0.70118434917565E-05  0.91245907865719E-05 -0.13344348473462E-02
 -0.60914257306383E-04  0.93275266017146E-04  0.45247826196905E-03
 -0.17614356605911E-04  0.30373193552335E-04 -0.65965637544433E-04
 -0.52686109830282E-04  0.46254835368142E-04 -0.19808511423297E-03
  0.24851624901367E-04 -0.65470805049638E-04 -0.27760787556317E-03
  0.30101118593529E-04  0.37841814961802E-05 -0.13263468297287E-02
 -0.13714806165239E-04 -0.68754927309469E-04 -0.19808511512571E-03
  0.30370670054123E-04  0.65887448486442E-05 -0.13310010296347E-02
 -0.73397584261994E-04 -0.30045036646390E-04 -0.29565445666439E-03
  0.18450364997150E-04 -0.18862167918549E-05 -0.13308335916965E-02
  0.20622642417852E-04 -0.15447001682661E-05 -0.13231678060342E-02
 -0.13037974624818E-03  0.11096095067133E-04 -0.41026776664007E-03
  0.11123588408660E-03 -0.61156627650206E-05 -0.45247826299371E-03
  0.85147362996124E-06 -0.19009990107938E-04 -0.13238681394794E-02
  0.12136015874401E-03 -0.34352749126928E-04 -0.42458126423567E-03
  0.14097112162279E-04 -0.15681231592532E-04 -0.13216645078759E-02
  0.75561978122272E-04  0.66942099942103E-05 -0.28070785927390E-03
  0.30316261318290E-04 -0.45892089719299E-05 -0.13208132016519E-02
  0.89001420775167E-06 -0.14916924451589E-04 -0.13272561374418E-02
  0.97136562712106E-04 -0.75592187835849E-04 -0.43014471000406E-03
  0.85561876419106E-05 -0.68980056264531E-05 -0.13222785872249E-02
  0.11152143172540E-03 -0.45556303546921E-04 -0.43858377333686E-03
 -0.94793134858813E-05 -0.29596142832219E-04 -0.13310010292092E-02
  0.33375616350612E-04 -0.28001402410931E-04 -0.34677823541815E-03
  0.13784565258082E-05 -0.18601048737251E-05 -0.13218808655797E-02
  0.66697716142942E-04 -0.10300956329949E-03 -0.43439609955047E-03
  0.58348704216125E-05  0.21720315801427E-05 -0.13237438121734E-02
  0.55580370678454E-04 -0.11846022059851E-03 -0.41026776679465E-03
  0.12473430254853E-04  0.82292355167505E-05 -0.13272561374326E-02
  0.68927858990228E-05 -0.69115303962214E-04 -0.18267960791080E-03
  0.13667028655911E-04  0.85715142282407E-05 -0.13317619948536E-02
 -0.17496779108671E-04 -0.30441075515908E-04 -0.65965634175054E-04
  0.11408048789463E-04  0.15101391385973E-05 -0.13344348448266E-02
 -0.63302001160184E-04  0.28588323869153E-04 -0.18267960691635E-03
  0.58963595675542E-06 -0.16121752280664E-04 -0.13317619929160E-02
 -0.69125194577258E-04  0.11213264913889E-04 -0.27760787747757E-03
 -0.11773361361945E-04 -0.27960423719269E-04 -0.13263468286155E-02
 -0.43962050335514E-05 -0.10634728845900E-04 -0.13344348486754E-02
 -0.26604981369836E-04 -0.16927179786751E-04  0.13225527286391E-02
  0.75621208417929E-05  0.42904830645585E-04 -0.34677824053190E-03
 -0.70118433616143E-05 -0.91245901602761E-05  0.13344348451616E-02
 -0.13568773159400E-05  0.31504179114602E-04  0.13225527272028E-02
  0.83199538252010E-06  0.64082385324322E-05  0.13229486988849E-02
 -0.17451593059141E-04  0.41365425913669E-04  0.22980818950114E-03
 -0.12714598854492E-04  0.35977197964030E-04  0.13239768861412E-02
  0.77557524056017E-04 -0.29883294241001E-04  0.39806786703732E-03
 -0.69125195219946E-04 -0.11213263328956E-04  0.27760787561629E-03
 -0.11773362623954E-04  0.27960425570675E-04  0.13263468286604E-02
  0.30101120284624E-04 -0.37841831035213E-05  0.13263468306913E-02
 -0.13037974662242E-03 -0.11096098488562E-04  0.41026776596497E-03
  0.24851625978679E-04  0.65470805004553E-04  0.27760787449535E-03
  0.89001597535727E-06  0.14916925964040E-04  0.13272561369311E-02
 -0.11351004660549E-03 -0.26809542373045E-04  0.45019624709911E-03
  0.13604793745403E-04  0.81846439296365E-06  0.13260460092087E-02
  0.13667028314408E-04 -0.85715139950015E-05  0.13317619950510E-02
  0.75561976383060E-04 -0.66942120940624E-05  0.28070785781847E-03
  0.68927873116205E-05  0.69115306489176E-04  0.18267960787018E-03
  0.30316258313913E-04  0.45892097207268E-05  0.13208132005604E-02
  0.49549229480968E-04  0.13186156702283E-04  0.18483593772199E-03
  0.12846538253607E-04  0.16569803117976E-04  0.13182646667576E-02
  0.35111131404097E-04 -0.67880163828806E-07  0.65965640158708E-04
  0.87013561238614E-05  0.62926310007146E-04  0.14567846987874E-03
 -0.10567785214150E-04  0.24334148669298E-04  0.13180128204527E-02
 -0.14256664169210E-04 -0.75502348408344E-05  0.13317619955410E-02
 -0.31983633971100E-04  0.68785697941311E-04  0.28070786079340E-03
 -0.19132503040481E-04  0.23960045020447E-04  0.13208132007448E-02
  0.53018945842175E-04  0.59793385165609E-04  0.31328369978735E-03
  0.56409216844060E-04 -0.40526978662281E-04  0.18267960976854E-03
  0.79972764510414E-04 -0.84897814967559E-04  0.45019624839709E-03
 -0.75112065104215E-05  0.11372862564709E-04  0.13260460102719E-02
  0.85561905133621E-05  0.68980096247270E-05  0.13222785851488E-02
  0.30370668852329E-04 -0.65887457456484E-05  0.13310010283165E-02
 -0.13714807209328E-04  0.68754925686069E-04  0.19808511512024E-03
  0.11123588329606E-03  0.61156629874391E-05  0.45247826639450E-03
  0.85147236912930E-06  0.19009988326359E-04  0.13238681398650E-02
  0.15752710017061E-04 -0.17594422453962E-04  0.33836217253248E-03
  0.11408048949909E-04 -0.15101397538969E-05  0.13344348462400E-02
 -0.73058829052090E-05  0.29832987814791E-04  0.13272596030518E-02
 -0.17496781250369E-04  0.30441074712866E-04  0.65965641949630E-04
 -0.52686109565092E-04 -0.46254833315949E-04  0.19808511558593E-03
 -0.94793149239116E-05  0.29596143522813E-04  0.13310010293915E-02
 -0.63302000731395E-04 -0.28588322440583E-04  0.18267960924768E-03
 -0.43962044860153E-05  0.10634728971018E-04  0.13344348437025E-02
  0.58963360501093E-06  0.16121752287629E-04  0.13317619967701E-02
 -0.17614353082835E-04 -0.30373193136032E-04  0.65965642264674E-04
 -0.73397589802207E-04  0.30045036810568E-04  0.29565445647184E-03
  0.18450366043521E-04  0.18862154256080E-05  0.13308335902176E-02
 -0.10858693590684E-04  0.15035376101808E-04  0.13308335880287E-02
 -0.23113571693470E-04 -0.48450362212607E-05  0.33836217313251E-03
  0.29489064745305E-04 -0.85894132203460E-05  0.13272596018554E-02
 -0.78292066261915E-04  0.16019063495245E-04  0.31328370073649E-03
  0.10679028130036E-04 -0.78586697663579E-04  0.29565445845597E-03
  0.97136557605240E-04  0.75592189121466E-04  0.43014471083397E-03
  0.20622643411432E-04  0.15447021168359E-05  0.13231678057673E-02
  0.12136015764991E-03  0.34352749179296E-04  0.42458126515150E-03
  0.14097111132034E-04  0.15681230030034E-04  0.13216645078162E-02
 -0.11403303907729E-03  0.46326632994462E-04  0.43014471080804E-03
  0.11152143317156E-03  0.45556302542630E-04  0.43858377527773E-03
 -0.11649072842046E-04  0.17087380850408E-04  0.13231678048627E-02
  0.62718561563412E-04  0.48541655649319E-04  0.29565445468496E-03
  0.71876082027379E-12 -0.93449569553663E-12  0.38265790529439E-04
  0.37808620171633E-12 -0.31309279899273E-12  0.13143669286106E-02
 -0.36194161269462E-04  0.36317814337872E-04  0.18483593881390E-03
 -0.20891354320114E-04 -0.23007397335734E-04  0.13310010294352E-02
  0.66400917787260E-04 -0.22500091416866E-04  0.19808511526397E-03
 -0.90430431933927E-04  0.87924602279936E-04  0.42458126468786E-03
 -0.20628901277221E-04  0.43678442016277E-05  0.13216645084384E-02
 -0.95213629374619E-04  0.73802244514829E-04  0.43858377503210E-03
  0.58348702973927E-05 -0.21720343432128E-05  0.13237438119071E-02
 -0.10251945644225E-04  0.39608727159790E-05  0.13222785863419E-02
 -0.75916723327005E-05 -0.16921594082666E-04  0.13308335909421E-02
  0.66697716914915E-04  0.10300956403257E-03  0.43439610121537E-03
 -0.23001269849195E-05  0.26372815170959E-06  0.13218808688933E-02
 -0.60935800420034E-05 -0.12191331470681E-04  0.13260460102326E-02
  0.25273116862619E-04 -0.75812451143540E-04  0.31328370133296E-03
  0.27961859754183E-04 -0.14577002317574E-04  0.13225527272250E-02
  0.33537279773766E-04  0.11170735720585E-03  0.45019625060768E-03
 -0.13355069166456E-04 -0.49503968513973E-04  0.18483593746551E-03
  0.79265993879727E-05 -0.19410329239066E-04  0.13182646677775E-02
  0.13784571471439E-05  0.18601048207659E-05  0.13218808673322E-02
 -0.58846461438842E-04 -0.23927557703365E-04  0.14567847284117E-03
  0.33375617020385E-04  0.28001402079240E-04  0.34677823340099E-03
 -0.15790099204369E-04 -0.21319043395285E-04  0.13180128198525E-02
 -0.40937734924719E-04  0.14903428625239E-04  0.34677824045636E-03
  0.26357882421691E-04 -0.30151042538673E-05  0.13180128203189E-02
 -0.20773139253155E-04  0.28405282089165E-05  0.13182646688521E-02
  0.50145103702742E-04 -0.38998751205624E-04  0.14567847086763E-03
 -0.13363444672338E-04 -0.66876879605309E-05  0.13272561378625E-02
 -0.12255775479794E-03  0.62571372581188E-05  0.43439610014175E-03
 -0.10364016928970E-05  0.61391626260440E-05  0.13237438109018E-02
  0.74799376286283E-04 -0.10736412443611E-03  0.41026776760467E-03
 -0.64658453894850E-04 -0.52225140418319E-04  0.39806787621640E-03
  0.12473430185941E-04 -0.82292348962709E-05  0.13272561388436E-02
  0.44549308102201E-04 -0.55691883343863E-05  0.22980819020868E-03
  0.37514467224754E-04 -0.69774331688578E-05  0.13239768874704E-02
  0.51336988016286E-05 -0.39246503370126E-05  0.13229486960794E-02
  0.55580374358673E-04  0.11846022160647E-03  0.41026776729984E-03
 -0.31613296525554E-04  0.20549666404538E-04  0.13246402056174E-02
 -0.12596896304474E-04 -0.44802159940597E-04 -0.13665931624043E-02
  0.33603175883585E-04 -0.17103087312577E-04 -0.13246402086110E-02
 -0.54231213401900E-04 -0.65892629013956E-05 -0.13646578701992E-02
 -0.26033738656714E-04  0.52654281027682E-05  0.14217448184641E-02
  0.43638558126530E-04  0.20379067097105E-04 -0.14115279535292E-02
  0.13670489307684E-04  0.67939404955554E-05  0.12674541626295E-02
 -0.99920190607835E-05  0.20970485889215E-04  0.13067914524011E-02
 -0.64004098586693E-04  0.72269292568145E-05 -0.14061662825761E-02
  0.33603181086557E-04  0.17103086289089E-04  0.13246402051543E-02
 -0.54231213171344E-04  0.65892625842031E-05  0.13646578689495E-02
  0.32822074732922E-04 -0.43670974398064E-04 -0.13646578695986E-02
 -0.64004096948542E-04 -0.72269298300657E-05  0.14061662847647E-02
 -0.39468072488382E-04  0.27602567140953E-04 -0.14115279540217E-02
 -0.31613298454595E-04 -0.20549668745123E-04 -0.13246402052793E-02
 -0.39367905097520E-04 -0.25441022803302E-04 -0.13880235366619E-02
  0.17576864176482E-04 -0.19913165509403E-04 -0.14217448177886E-02
 -0.41704883408526E-05 -0.47981632012048E-04 -0.14115279539040E-02
  0.13670489103450E-04 -0.67939374403161E-05 -0.12674541621989E-02
 -0.12718966049564E-04  0.84420218565066E-05  0.12674541636628E-02
 -0.41704880565845E-05  0.47981632496913E-04  0.14115279529350E-02
 -0.28429785122360E-04 -0.66428591586412E-05 -0.13069006249471E-02
  0.32822075044534E-04  0.43670973778759E-04  0.13646578689180E-02
 -0.12596896503999E-04  0.44802157665565E-04  0.13665931631599E-02
  0.25743342350517E-04  0.59042638927039E-04  0.14061662818448E-02
  0.84568740648028E-05  0.25178593734336E-04 -0.14217448187451E-02
  0.25743340969494E-04 -0.59042637319207E-04 -0.14061662842474E-02
 -0.12718968113084E-04 -0.84420167696942E-05 -0.12674541616489E-02
 -0.26033736954539E-04 -0.52654279860628E-05 -0.14217448201074E-02
 -0.99920200834157E-05 -0.20970484230006E-04 -0.13067914516609E-02
  0.38260753047855E-04  0.51815709002178E-04 -0.14061662837367E-02
 -0.23486196861152E-05  0.46814118513094E-04 -0.13880235380227E-02
  0.41716524613978E-04  0.21373092294258E-04  0.13880235393577E-02
  0.11411946338997E-04 -0.64369268246238E-04 -0.14016229504622E-02
  0.41716527258584E-04 -0.21373093594010E-04 -0.13880235368135E-02
 -0.39367905497050E-04  0.25441019002732E-04  0.13880235376325E-02
  0.50039444945450E-04  0.42067669059244E-04 -0.14016229519434E-02
 -0.14967417913297E-05 -0.48781585736743E-05 -0.12673622059188E-02
  0.45098255323615E-04  0.11491845129360E-04 -0.13665931627442E-02
  0.23156976907388E-04  0.18318979511617E-05 -0.13067914556339E-02
  0.17576864578772E-04  0.19913163937246E-04  0.14217448182425E-02
  0.11411944960503E-04  0.64369264527678E-04  0.14016229508311E-02
  0.57284275550049E-05 -0.10816736817588E-05  0.13245942296738E-02
 -0.28429785626483E-04  0.66428581291386E-05  0.13069006265215E-02
  0.21409140941373E-04  0.50260236417942E-04 -0.13646578711637E-02
  0.29794075394292E-05 -0.15390384672104E-04  0.14315515664228E-02
 -0.34762386360272E-05  0.37352976549970E-05 -0.12673622072321E-02
 -0.36171415601060E-04 -0.98739771344129E-05  0.14165447531226E-02
  0.53951276242400E-05 -0.38146811673888E-04 -0.13664251703240E-02
  0.57284276796311E-05  0.10816738934268E-05 -0.13245942295750E-02
 -0.66325821411511E-04 -0.11229318088600E-04  0.14010131320534E-02
  0.84620107754214E-05  0.27942342570324E-04 -0.13069006250170E-02
 -0.13164962092376E-04 -0.19138584753918E-04  0.13067914499507E-02
  0.23438035241410E-04 -0.63054502873918E-04 -0.14010131318200E-02
  0.15349193889739E-04 -0.47946505647367E-04 -0.14112340629108E-02
 -0.19898831146484E-05 -0.37652746684196E-04  0.13246402097914E-02
  0.17450446277706E-04 -0.73234662917400E-05 -0.13903158564089E-02
  0.21409141044383E-04 -0.50260236605805E-04  0.13646578697249E-02
  0.24217832686494E-04  0.31808623404789E-04 -0.13663635249736E-02
  0.19967774495398E-04 -0.21299491903771E-04 -0.13069006239502E-02
  0.51147536868778E-12 -0.36335888499282E-11 -0.12458117512128E-02
  0.19967774365109E-04  0.21299491875189E-04  0.13069006270319E-02
  0.26636822466002E-04 -0.26388378276740E-04  0.14165447506494E-02
  0.49729782511534E-05 -0.11428602749622E-05  0.12673622074071E-02
  0.17450446382078E-04  0.73234596512613E-05  0.13903158564096E-02
 -0.34762389713049E-05 -0.37352966889295E-05  0.12673622076392E-02
  0.11838761580524E-04  0.10275433722420E-04  0.14315515663824E-02
 -0.35733669161599E-04 -0.14401088080572E-04  0.13664251678204E-02
 -0.15067529976206E-04  0.11450797717554E-04  0.13903158579285E-02
 -0.14818167488634E-04  0.51149504956543E-05  0.14315515664762E-02
  0.95345930586501E-05  0.36262353717108E-04  0.14165447536508E-02
  0.42887785646940E-04 -0.51825183749427E-04  0.14010131341535E-02
 -0.49197493326564E-04 -0.10680462569340E-04  0.14112340605128E-02
  0.53951278447303E-05  0.38146808886180E-04  0.13664251694020E-02
 -0.95151998795537E-06 -0.15235961503958E-04  0.12674541637165E-02
 -0.19274615980984E-05  0.55018003755761E-05  0.13245942324512E-02
  0.84620097960302E-05 -0.27942345983416E-04  0.13069006250467E-02
  0.15438158263805E-04  0.36877569119163E-04  0.13663635216865E-02
  0.23438035124950E-04  0.63054504993483E-04  0.14010131322460E-02
  0.24217837416696E-04 -0.31808620962653E-04  0.13663635240530E-02
  0.15349195080976E-04  0.47946510649185E-04  0.14112340618436E-02
  0.15438160056167E-04 -0.36877573656141E-04 -0.13663635240942E-02
  0.33848296326430E-04 -0.37266047570854E-04  0.14112340598867E-02
  0.95345921274215E-05 -0.36262355529600E-04 -0.14165447513422E-02
 -0.49197492438642E-04  0.10680462252314E-04 -0.14112340618701E-02
 -0.36171417845208E-04  0.98739783039937E-05 -0.14165447520689E-02
 -0.61451393849542E-04 -0.22301598245337E-04  0.14016229508131E-02
 -0.23829193242592E-05  0.18774260419749E-04 -0.13903158578371E-02
  0.30338543888812E-04  0.23745720121649E-04 -0.13664251667052E-02
 -0.39468065832455E-04 -0.27602563283843E-04  0.14115279528770E-02
 -0.19898796340994E-05  0.37652748326422E-04 -0.13246402077883E-02
 -0.35733670999189E-04  0.14401087933826E-04 -0.13664251698644E-02
  0.84568737338640E-05 -0.25178593303476E-04  0.14217448178704E-02
 -0.61451394380209E-04  0.22301598157150E-04 -0.14016229494003E-02
  0.43638556220742E-04 -0.20379067637060E-04  0.14115279518486E-02
 -0.66325820779475E-04  0.11229319449474E-04 -0.14010131330107E-02
  0.45098256102458E-04 -0.11491843474031E-04  0.13665931629039E-02
 -0.39655996224969E-04  0.50689465770354E-05 -0.13663635231186E-02
 -0.38009677290747E-05  0.44201326347529E-05 -0.13245942329506E-02
  0.23156978914890E-04 -0.18318990359381E-05  0.13067914536563E-02
 -0.32501358679761E-04  0.33310313019318E-04 -0.13665931646178E-02
 -0.14967425484264E-05  0.48781592440704E-05  0.12673622108898E-02
 -0.38009713595915E-05 -0.44201299271381E-05  0.13245942312374E-02
  0.30338545748552E-04 -0.23745722286310E-04  0.13664251665013E-02
  0.11838762787466E-04 -0.10275433645953E-04 -0.14315515670196E-02
 -0.23829187792599E-05 -0.18774263637619E-04  0.13903158587980E-02
  0.26636826159707E-04  0.26388377044867E-04 -0.14165447501116E-02
 -0.39655993275649E-04 -0.50689450146899E-05  0.13663635242434E-02
  0.42887784840612E-04  0.51825184129992E-04 -0.14010131321256E-02
  0.49729785033804E-05  0.11428611138696E-05 -0.12673622058123E-02
 -0.32501358006515E-04 -0.33310312379095E-04  0.13665931628383E-02
 -0.13164957120868E-04  0.19138586671356E-04 -0.13067914494390E-02
 -0.19274628839839E-05 -0.55018015979214E-05 -0.13245942340954E-02
 -0.15067523998767E-04 -0.11450797912191E-04 -0.13903158556621E-02
 -0.14818168805484E-04 -0.51149525615472E-05 -0.14315515682453E-02
  0.38260755218087E-04 -0.51815709755210E-04  0.14061662814890E-02
  0.29794040514671E-05  0.15390385735980E-04 -0.14315515681558E-02
  0.50039445969469E-04 -0.42067668114032E-04  0.14016229502912E-02
  0.33848298187083E-04  0.37266045359788E-04 -0.14112340610195E-02
 -0.95152109509434E-06  0.15235961248116E-04 -0.12674541591398E-02
 -0.23486181693136E-05 -0.46814117434475E-04  0.13880235388277E-02
  0.20054404350708E-11 -0.36774884353442E-11  0.12458117536060E-02
