  0.22656436870582E-05 -0.12824365324278E-05  0.13247110878064E-02
 -0.82663045646800E-04 -0.43287006212725E-04 -0.34410639234486E-03
 -0.32449255448770E-05 -0.12251018794228E-04 -0.13239795053546E-02
 -0.80437771199251E-04 -0.10437577594261E-03 -0.45432955555406E-03
 -0.69735650720116E-05 -0.47718889411285E-05 -0.13247027196981E-02
 -0.15653380171356E-04 -0.81775824227918E-04 -0.40140753960172E-03
 -0.14837964034324E-05 -0.26688617128115E-07 -0.13252607009184E-02
  0.68930338170798E-04 -0.49134946040002E-04 -0.39989165050114E-03
  0.12232157915780E-04  0.33153205295619E-05 -0.13239795068035E-02
  0.13061095700362E-03 -0.17473265942640E-04 -0.45432955264969E-03
  0.23982926221988E-04  0.58374543263699E-05 -0.13204329013504E-02
  0.89239815884969E-04  0.37708015488992E-04 -0.35608488316769E-03
  0.20196000877479E-04  0.10285436486020E-04 -0.13159388855761E-02
  0.29619727165269E-04  0.53986968207318E-04 -0.15575611104831E-03
 -0.29688754748650E-05  0.15275255840805E-04 -0.13149221182004E-02
 -0.28731900373859E-04  0.25203404045691E-04 -0.13573107906333E-03
 -0.25301324522155E-04  0.15249779853914E-04 -0.13188532952517E-02
 -0.71451379424950E-04  0.14838066371900E-04 -0.24258525052474E-03
 -0.28410185696246E-04  0.80344300951443E-05 -0.13248188000350E-02
  0.14438675298661E-04  0.57195074972512E-04 -0.24601949054427E-03
  0.44718925763970E-05 -0.21658022892761E-04 -0.13249710606024E-02
 -0.74732910626539E-04  0.13284089105630E-04 -0.19110190533294E-03
  0.86890475212236E-05 -0.24785088895703E-04 -0.13284131439445E-02
 -0.37997723698383E-04  0.61475883337490E-04 -0.24185968133305E-03
 -0.11963809058354E-04 -0.96137956922395E-04 -0.35608488456114E-03
 -0.17707837255963E-04 -0.96898355623011E-05 -0.13229045100409E-02
 -0.31505143905178E-04 -0.12917279428215E-03 -0.46217622248943E-03
 -0.16253921630325E-04  0.27272674117354E-06 -0.13256158508024E-02
  0.44203835988658E-04 -0.95421377296627E-04 -0.45257481768165E-03
 -0.24992798592566E-05  0.73507150732452E-05 -0.13264579723451E-02
  0.11702205030513E-03 -0.75483709640144E-04 -0.45336660129515E-03
  0.16520451924257E-04  0.14701784423859E-04 -0.13249710587528E-02
  0.78819167267858E-04 -0.49944793783932E-04 -0.34410639015418E-03
 -0.14270295224561E-04 -0.17156742808764E-05 -0.13301903834249E-02
  0.25355688186881E-04  0.22886032964412E-04 -0.13217525211914E-02
  0.16700133897259E-04  0.26918505217036E-04 -0.13203016013727E-02
 -0.22290937550877E-05  0.74894862513215E-04 -0.26989947824962E-03
 -0.46943695982747E-05  0.22671975010509E-04 -0.13207699628402E-02
 -0.83315662510298E-04  0.78023638467529E-04 -0.39270548236013E-03
 -0.16761225884668E-04  0.11610219941066E-04 -0.13229869526831E-02
 -0.46579676672219E-04  0.98777269808310E-04 -0.40845492638720E-03
 -0.12719172467165E-04 -0.22238567443098E-05 -0.13270405652187E-02
  0.13929028358371E-04  0.11847371192156E-03 -0.37658376654466E-03
  0.19601335213033E-05 -0.18568988677531E-04 -0.13299695112626E-02
  0.38303462192271E-04  0.22552931266483E-04 -0.23262695496761E-03
 -0.69360784291874E-05 -0.23688552150385E-04 -0.13204329012858E-02
  0.34679279851673E-04  0.52926447502097E-04 -0.14155901338845E-03
 -0.23539198481988E-04  0.55912138147450E-05 -0.53739423193347E-04
  0.12319264493406E-04  0.13993716071203E-04 -0.13309179690261E-02
  0.55816611082687E-05 -0.63894522451023E-04 -0.13691602146560E-03
  0.16357772202135E-04  0.17655834145195E-04 -0.13282768068925E-02
 -0.50049550164711E-04 -0.55304389831677E-04 -0.34741513532877E-03
  0.83631492365465E-05  0.13939947293091E-04 -0.13256158531246E-02
 -0.10473925546242E-03  0.94290431183370E-05 -0.45257481832824E-03
 -0.64579446139461E-06  0.84252316250330E-05 -0.13247027186334E-02
 -0.62993249470367E-04  0.54444134446401E-04 -0.40140754142527E-03
  0.76500887283859E-06 -0.12716587467733E-05 -0.13252607012430E-02
  0.80869452592470E-05  0.84262896297863E-04 -0.39989165867498E-03
  0.78907747185270E-05 -0.14212673903052E-04 -0.13256158509302E-02
  0.60535416040505E-04  0.85992338620652E-04 -0.45257481579193E-03
  0.15775715857752E-04 -0.27954326673463E-04 -0.13240442320227E-02
  0.56580600025216E-04  0.13165714503565E-06 -0.35208027282530E-03
  0.72889092811197E-05 -0.31288927469792E-04 -0.13187774504767E-02
  0.42762298356861E-04 -0.57900059498897E-04 -0.20504053807837E-03
 -0.11525949864893E-04 -0.21414212151262E-04 -0.13179802264831E-02
  0.58759749605766E-05 -0.76515987794749E-04 -0.25773420035150E-03
 -0.26726967838061E-04 -0.67212694674367E-05 -0.13221745136633E-02
  0.39584123025606E-04 -0.72691024487762E-05 -0.11396689633318E-03
 -0.75752541511789E-05  0.71076933846583E-05 -0.13313047757923E-02
  0.56733798964549E-04  0.35501646015011E-04 -0.23181865194920E-03
 -0.27820922412126E-04  0.52651556646315E-05 -0.13290248640511E-02
  0.10981428656777E-04 -0.39028686013696E-05 -0.13293372578392E-02
 -0.73185238964287E-04 -0.32837403260307E-04 -0.25187219509451E-03
  0.76155449048713E-05 -0.15109196178977E-05 -0.13264579730830E-02
 -0.12388183232434E-03 -0.63602210884003E-04 -0.45336659977082E-03
  0.71878581489975E-06  0.12983446742450E-05 -0.13252607011399E-02
 -0.77017279825896E-04 -0.35127947374018E-04 -0.39989164740002E-03
 -0.19274804887415E-11  0.28869221206577E-11 -0.13245685779974E-02
  0.29947364930454E-12  0.77792107607285E-12 -0.33880265124760E-03
  0.76193588955767E-05 -0.36533397764909E-05 -0.13247027159294E-02
  0.36832267554458E-05 -0.53454014321413E-05 -0.13311922812967E-02
  0.78646634922088E-04  0.27331688695821E-04 -0.40140755173614E-03
  0.12761949015184E-03  0.37302143281699E-04 -0.46217621881018E-03
  0.19329293434737E-04 -0.14722915075895E-04 -0.13185094989123E-02
  0.75510210901953E-04  0.94440827522079E-06 -0.27005291966639E-03
  0.16534839396052E-05 -0.89189622813333E-05 -0.13130705230894E-02
  0.16141283149462E-04 -0.16641293748179E-04 -0.76405135954210E-04
 -0.22464570819671E-04  0.16465421116661E-05 -0.13159379936291E-02
 -0.54546838261040E-04 -0.24814626354056E-04 -0.16212616241415E-03
 -0.35004315555352E-04  0.59141113178033E-05 -0.13224918267890E-02
 -0.41070555700725E-04 -0.73628789734178E-06 -0.25344793949108E-03
  0.17245561758127E-04 -0.10490518849779E-04 -0.13229045096006E-02
 -0.42145082108639E-04 -0.93999470107520E-04 -0.38962613709799E-03
  0.37968128596402E-06 -0.44448235140754E-04 -0.23262695727719E-03
 -0.10892417955936E-04  0.14329226610189E-04 -0.30039665891469E-03
 -0.17204892127493E-05 -0.28547331737451E-04  0.13218325542459E-02
 -0.58759737807279E-05 -0.76515988772738E-04  0.25773420616852E-03
  0.11525947832650E-04 -0.21414210064592E-04  0.13179802268460E-02
  0.54546837000127E-04 -0.24814624897267E-04  0.16212616217081E-03
  0.22464570181993E-04  0.16465422523682E-05  0.13159379931659E-02
  0.71451377704228E-04  0.14838067502027E-04  0.24258524871353E-03
  0.25301324793715E-04  0.15249777357661E-04  0.13188532966611E-02
  0.46579675681473E-04  0.98777265786251E-04  0.40845492740099E-03
  0.16761227253920E-04  0.11610221939591E-04  0.13229869527366E-02
  0.92824335184958E-05  0.12813235048798E-03  0.44775003044322E-03
  0.46240667092237E-05  0.73919486653065E-06  0.13253101077366E-02
 -0.34514421520589E-04 -0.81601836554744E-04  0.41498349129939E-03
  0.86134157157571E-05 -0.17517223756781E-05  0.13251845091889E-02
 -0.88970849986497E-04 -0.69951158104314E-04  0.44258474543252E-03
  0.15033251055509E-04  0.48436619015433E-05  0.13267820932000E-02
 -0.72238540329194E-04  0.21690528692223E-05  0.24185968149674E-03
  0.17061282468306E-04  0.75869687900301E-05  0.13299695102787E-02
 -0.16611731630425E-04  0.17589937132786E-04  0.53739428407567E-04
  0.64708674648085E-05 -0.51706627809299E-06  0.13311922812331E-02
  0.25325612771842E-04 -0.58395334284270E-04  0.30150390915218E-03
 -0.79848132097540E-05 -0.18646702553103E-04  0.13276592464662E-02
  0.87310960307698E-04 -0.88071603915556E-05  0.25435045392337E-03
 -0.99430712063027E-05  0.30065153482287E-05  0.13313047789396E-02
 -0.30517026633960E-05 -0.12837372352303E-04  0.13252338855782E-02
  0.44676984858972E-04 -0.12421545816672E-03  0.45013903780816E-03
  0.95948690570588E-05 -0.16238158934473E-04  0.13221385897796E-02
  0.42145081278635E-04 -0.93999468246208E-04  0.38962613888797E-03
  0.26726968041630E-04 -0.67212654574183E-05  0.13221745148266E-02
  0.41070554432498E-04 -0.73628976215543E-06  0.25344794303541E-03
  0.35004316441440E-04  0.59141108526161E-05  0.13224918272340E-02
 -0.14438678349555E-04  0.57195076361891E-04  0.24601949202132E-03
  0.28410183733331E-04  0.80344290927272E-05  0.13248188000627E-02
  0.58125112308173E-04  0.27113403032113E-04  0.13691601945061E-03
 -0.13929028357796E-04  0.11847371274924E-03  0.37658376649341E-03
 -0.47250787003531E-04 -0.72121812153116E-05  0.36048135443862E-03
 -0.22434453790327E-05 -0.13208865447307E-05  0.13247110914880E-02
 -0.11560708675054E-03 -0.56027349914671E-04  0.44775003482894E-03
 -0.29521974057759E-05  0.36349643018024E-05  0.13253101072617E-02
 -0.95636729185855E-04 -0.71299747449986E-04  0.37658376680335E-03
 -0.44336709172758E-05  0.12127053877885E-04  0.13270405647819E-02
 -0.28496008466982E-04 -0.56496360317464E-04  0.14155901442682E-03
 -0.56493295192400E-05  0.13216275370308E-04  0.13301903819705E-02
  0.26087292582728E-04 -0.30646305994097E-04  0.11396689812710E-03
  0.12719171600573E-04 -0.22238593439664E-05  0.13270405654558E-02
  0.71420426740326E-05 -0.33401686248668E-04 -0.13217525218737E-02
 -0.59592832368276E-05 -0.17665653872425E-04  0.13309179676957E-02
 -0.10242629692596E-04 -0.32266527335921E-04  0.13256102381134E-02
 -0.32097017135726E-04  0.31499171990909E-06 -0.13240442338589E-02
 -0.28176280186885E-04 -0.49066065751445E-04 -0.35208027456978E-03
 -0.23469286082366E-04  0.53383285274914E-05 -0.13282768068956E-02
  0.72919780095121E-04 -0.15691989335840E-04 -0.34741513636805E-03
 -0.21107320403592E-05  0.11461628952754E-04 -0.13293372588246E-02
  0.65030642156675E-04 -0.46961574193068E-04 -0.25187219894942E-03
  0.17119992778329E-04  0.19917479451848E-04 -0.13284131419532E-02
  0.25862095374079E-04 -0.71362646677925E-04 -0.19110190684456E-03
  0.19843558732440E-04  0.26067202537509E-04 -0.13263616083218E-02
 -0.69632657763800E-05 -0.16597725142592E-04 -0.30039665954620E-03
  0.89647079521864E-05  0.21789233902866E-04 -0.13243943661418E-02
 -0.85595676382167E-04  0.58371810233573E-04 -0.44433640066139E-03
 -0.34798505833222E-05  0.12936247834862E-04 -0.13237315030428E-02
 -0.80010888230835E-04  0.96976600869367E-04 -0.45290699992163E-03
 -0.46240690871581E-05  0.73919618827331E-06 -0.13253101077580E-02
 -0.92824319623722E-05  0.12813235008661E-03 -0.44775003356166E-03
  0.33218886126135E-05 -0.15441009894460E-04 -0.13267820922354E-02
  0.16094053745013E-04  0.11202659545489E-03 -0.44258474375228E-03
  0.12653080578686E-04 -0.30218627812024E-04 -0.13263616073384E-02
 -0.36937221745602E-04 -0.65865965485889E-04 -0.27005291862842E-03
 -0.22415064730091E-04 -0.93782007527803E-05 -0.13185094983623E-02
  0.31944221928589E-04 -0.52644919366088E-04 -0.15575611388895E-03
 -0.11905508870685E-05 -0.22632969035083E-04 -0.13159388856790E-02
 -0.42762298290252E-04 -0.57900059280555E-04  0.20504053876218E-03
 -0.72889096754739E-05 -0.31288927254425E-04  0.13187774481225E-02
 -0.16141283123945E-04 -0.16641293897470E-04  0.76405137723631E-04
 -0.16534810915068E-05 -0.89189643336940E-05  0.13130705233290E-02
  0.28731901159317E-04  0.25203400481396E-04  0.13573107622831E-03
  0.29688761379112E-05  0.15275252286439E-04  0.13149221189163E-02
  0.83315664664938E-04  0.78023636216875E-04  0.39270548143913E-03
  0.46943680375138E-05  0.22671975939117E-04  0.13207699621532E-02
  0.80010887620782E-04  0.96976602098715E-04  0.45290700683617E-03
  0.39551837608768E-04 -0.71028539241242E-05  0.22886085539235E-03
  0.34798506038043E-05  0.12936249164331E-04  0.13237315002295E-02
 -0.22199781486871E-07  0.26033216044175E-05  0.13247110840838E-02
  0.29871323366367E-04 -0.37314292575393E-04  0.36048136773051E-03
  0.22200402525452E-07  0.26033271643376E-05 -0.13247110901211E-02
  0.58237449865940E-05 -0.65835747465237E-05 -0.13251845129694E-02
  0.53412053544058E-04  0.70691282875203E-04 -0.41498348692834E-03
  0.14387680002373E-04 -0.18658280556085E-04 -0.13243943653720E-02
  0.93349308527930E-04  0.44942127628539E-04 -0.44433640039993E-03
  0.14962041301350E-04 -0.27921993203963E-04 -0.13203016038064E-02
  0.65975398574342E-04 -0.35516978948377E-04 -0.26989947828108E-03
  0.17379462985917E-04  0.44526475945140E-04  0.36048137527965E-03
 -0.25361951795539E-04  0.19376200608707E-05 -0.13261329425215E-02
  0.34612779080160E-04 -0.58267674809595E-04 -0.40745112445222E-03
 -0.98081754914341E-05  0.88918839500001E-05 -0.13281033442139E-02
  0.75426944040724E-05  0.26506867191642E-04 -0.13221745141651E-02
 -0.60333387589361E-04  0.83498445888558E-04 -0.38962614032332E-03
 -0.92652234682415E-05  0.16428479381990E-04 -0.13221385874943E-02
 -0.85235252545472E-04  0.10079913456213E-03 -0.45013904152537E-03
 -0.12643340696902E-04  0.37758339387754E-05 -0.13252338855279E-02
 -0.11404994707162E-04  0.13284192587799E-03 -0.43888278627457E-03
 -0.27965092514498E-05 -0.12940069456654E-04 -0.13281033444950E-02
 -0.59053670199608E-05  0.11104073495785E-03 -0.37972988009643E-03
  0.93507043232080E-05 -0.26726203698717E-04 -0.13290248631931E-02
 -0.59112226624722E-04  0.31382088468046E-04 -0.23181865182356E-03
  0.72470723196432E-05 -0.28621156492507E-04 -0.13248188009298E-02
 -0.56751726967695E-04 -0.16093276765763E-04 -0.24601949109559E-03
 -0.16741329068776E-05 -0.20320756822364E-04 -0.13229869531144E-02
 -0.62253786474348E-04 -0.89727817767117E-04 -0.40845492553181E-03
 -0.94631953667944E-05 -0.94817662269107E-05 -0.13237315007090E-02
 -0.43978755214379E-04 -0.11777976636253E-03 -0.45290700720790E-03
 -0.86134156194565E-05 -0.17517224984768E-05 -0.13251845099486E-02
  0.34514419691908E-04 -0.81601839303719E-04 -0.41498348673010E-03
  0.29521953657825E-05  0.36349636079087E-05 -0.13253101086459E-02
  0.19897633403460E-04  0.35936288205518E-04 -0.25344794021126E-03
  0.22623927311426E-04  0.27357573122987E-04 -0.13224918254560E-02
  0.42313050668111E-04 -0.41101799310645E-04 -0.24601949006548E-03
  0.21163112798095E-04  0.20586725866314E-04 -0.13248188003233E-02
  0.27212920265481E-05  0.14776591323274E-04 -0.13243830687246E-02
 -0.96917714288587E-04  0.60164734414689E-04 -0.45090609063475E-03
 -0.31003116543377E-05  0.56920203019279E-05 -0.13246797237719E-02
 -0.36919608996146E-04  0.94015766545465E-04 -0.41590226609292E-03
  0.13932993512835E-05 -0.74299404026796E-05 -0.13258245044436E-02
  0.25818773410530E-04  0.11586074795135E-03 -0.44808089509584E-03
  0.11002946673884E-04 -0.22932903873482E-04 -0.13261329448091E-02
  0.33154901594322E-04  0.59109382405969E-04 -0.40745112674738E-03
  0.12380389949695E-04 -0.33271683660628E-04 -0.13224918265690E-02
  0.11560708546487E-03 -0.56027350034120E-04 -0.44775002936298E-03
  0.21172922904524E-04 -0.35200000762732E-04 -0.25344793936316E-03
  0.22875547147071E-04 -0.69297742475943E-04 -0.24258525204941E-03
 -0.17287321995377E-04 -0.15401429593291E-04 -0.13207699632058E-02
 -0.25912619001231E-04 -0.11116529885704E-03 -0.39270548255112E-03
 -0.23352384316397E-04 -0.31309514937346E-05 -0.13243943676124E-02
 -0.77536317050982E-05 -0.10331393355359E-03 -0.44433640104206E-03
 -0.15033251593137E-04  0.48436631733011E-05 -0.13267820928835E-02
  0.88970853216375E-04 -0.69951158687528E-04 -0.44258474666631E-03
  0.44336695597242E-05  0.12127054821610E-04 -0.13270405655073E-02
  0.95636725869632E-04 -0.71299747455231E-04 -0.37658376907101E-03
 -0.55603273048157E-06 -0.29536479167302E-04 -0.13188532951248E-02
 -0.67767676324955E-04 -0.84171000301849E-06 -0.40745112693856E-03
  0.18435359668418E-04  0.87105357571554E-05 -0.13229869510906E-02
  0.25857358467178E-04  0.14286701054653E-04 -0.13188532962982E-02
  0.10922828567296E-03  0.33141662161070E-04 -0.39270548092257E-03
  0.14713196441805E-04 -0.50665050207745E-05 -0.13149221175142E-02
  0.36192739081874E-04  0.12280853346677E-04 -0.13573107806796E-03
 -0.85507900431734E-05  0.30275237270835E-05 -0.13130705200267E-02
 -0.22482427185373E-04 -0.56581124919475E-05 -0.76405137327605E-04
 -0.30741460421724E-04  0.93320823525875E-05 -0.13187774484122E-02
 -0.71524071153342E-04 -0.80832064342965E-05 -0.20504053671660E-03
 -0.33064947980532E-04  0.72628835832656E-05 -0.13256102375433E-02
  0.13624666576542E-04  0.37804321614961E-04 -0.22886085821933E-03
 -0.18278548938146E-04  0.36719364267585E-05 -0.13309179691545E-02
  0.52543451800842E-04  0.36781123508567E-04 -0.13691602105143E-03
  0.27876398381991E-05  0.58624685963222E-05 -0.13311922802261E-02
  0.69274674748395E-05 -0.23181150493178E-04 -0.53739426721679E-04
  0.15101148908529E-04  0.10982018721769E-04 -0.13299695109571E-02
 -0.34240814895636E-04 -0.63644935293579E-04 -0.24185968357472E-03
  0.11711361352977E-04  0.10597346664915E-04 -0.13267820920557E-02
 -0.10506490612811E-03 -0.42075439126850E-04 -0.44258474547311E-03
  0.27896729100436E-05  0.83352972295617E-05 -0.13251845115125E-02
 -0.87926475123721E-04  0.10910552688820E-04 -0.41498348992443E-03
  0.21981690421100E-04 -0.72705427632362E-05 -0.13207699636282E-02
  0.12398965047437E-03  0.20803162617295E-04 -0.45290700426147E-03
  0.12943047222450E-04 -0.34544851994291E-05 -0.13237315024602E-02
  0.47250787698952E-04 -0.72121795091021E-05 -0.36048137930469E-03
  0.48575833638972E-04  0.54459677198674E-04 -0.24258524935314E-03
  0.12658233216776E-04  0.18631616706052E-04 -0.13159379935599E-02
  0.57833220730459E-05  0.59646258344868E-04 -0.16212616354597E-03
 -0.12782278411134E-04  0.20688871827996E-04 -0.13179802268243E-02
 -0.69202778241889E-04  0.33169250706765E-04 -0.25773420436890E-03
 -0.25582959177782E-04  0.12783677374453E-04 -0.13218325530409E-02
 -0.37909034503495E-04  0.51130287050990E-04 -0.30150390906668E-03
 -0.20140924643709E-04  0.24082988020319E-05 -0.13276592461759E-02
  0.36028256272010E-04  0.80017091911936E-04 -0.25435045441495E-03
  0.10883346194774E-03 -0.90494504123561E-05 -0.40845492542469E-03
 -0.23678168227317E-05 -0.10114209198715E-04 -0.13313047772701E-02
  0.86209667672045E-05 -0.11500601643533E-04 -0.13301903828755E-02
 -0.63175288506930E-04  0.35699137359419E-05 -0.14155901689579E-03
  0.82855017801700E-05 -0.99031962050182E-05 -0.13270405632661E-02
 -0.10956575763313E-03 -0.47173962351325E-04 -0.37658376755446E-03
  0.16718728340580E-05 -0.43741577956340E-05 -0.13253101086890E-02
 -0.10632465022183E-03 -0.72104996078487E-04 -0.44775003391642E-03
 -0.22656423892328E-05 -0.12824355169900E-05 -0.13247110891987E-02
 -0.29871325778386E-04 -0.37314290748406E-04 -0.36048136355773E-03
  0.22434434416411E-05 -0.13208882367632E-05 -0.13247110837750E-02
 -0.13496834991330E-04  0.37915408926738E-04 -0.11396690027300E-03
  0.14359004129305E-04  0.20995285935300E-04 -0.13261329430028E-02
  0.23784268118969E-05 -0.66883734322149E-04 -0.23181865278823E-03
  0.18470218712173E-04  0.21461049261535E-04 -0.13290248638445E-02
  0.87428963863488E-04 -0.80290088825142E-04 -0.44808089510923E-03
  0.95916378783048E-05  0.90615366640531E-05 -0.13252338862545E-02
  0.12074698170405E-03 -0.56543950585525E-04 -0.43888278539232E-03
  0.23862467154416E-04  0.15763652990436E-04 -0.13218325527899E-02
  0.63234645804956E-04  0.72650425681833E-05 -0.30150390888734E-03
  0.23452551157941E-04  0.21956845927619E-04 -0.13187774486206E-02
  0.28761773215333E-04  0.65983267660608E-04 -0.20504053717864E-03
  0.30857717258287E-05  0.24101117222784E-04 -0.13185094973945E-02
 -0.38572987288558E-04  0.64921557457359E-04 -0.27005292064300E-03
 -0.17046847511978E-04  0.17851097118352E-04 -0.13204329021201E-02
 -0.77276008012141E-04  0.58429941175918E-04 -0.35608488474348E-03
 -0.20992344836818E-04  0.69562387373975E-05 -0.13249710597677E-02
  0.38438758483410E-05  0.93231799685660E-04 -0.34410638998361E-03
 -0.88706960820355E-05 -0.75587622142500E-05 -0.13293372590276E-02
  0.81545953147644E-05  0.79798974422164E-04 -0.25187219676607E-03
  0.59592814343736E-05 -0.17665655194138E-04 -0.13309179681922E-02
 -0.58125111049047E-04  0.27113401941591E-04 -0.13691602210750E-03
  0.79848136888364E-05 -0.18646703902245E-04 -0.13276592465609E-02
 -0.87310964271106E-04 -0.88071615736594E-05 -0.25435045411025E-03
 -0.71311690722076E-05  0.25083388285602E-05 -0.13258245041032E-02
 -0.36453297304983E-05 -0.11401556350505E-03 -0.45090608521417E-03
 -0.14157553057988E-04 -0.50315896214303E-05 -0.13243830663260E-02
 -0.44676985657090E-04 -0.12421545775108E-03 -0.45013904211921E-03
  0.99116779906742E-04 -0.50406170321168E-04 -0.37972987617676E-03
  0.12156112390864E-04  0.16238403973124E-04 -0.13276592464549E-02
  0.51282706800726E-04 -0.71209929763644E-04 -0.25435045389658E-03
  0.22822317234422E-04  0.25003642921032E-04 -0.13256102385549E-02
  0.25927169858744E-04 -0.30701469435341E-04 -0.22886085862771E-03
  0.16321298562285E-04  0.27639334919532E-04 -0.13240442331768E-02
 -0.28404319434716E-04  0.48934404744127E-04 -0.35208027150455E-03
  0.46227498156184E-06  0.20180353375892E-04 -0.13229045099066E-02
 -0.96114349446764E-04  0.91870651106923E-04 -0.46217622195241E-03
  0.30517009337213E-05 -0.12837373701288E-04 -0.13252338856044E-02
 -0.89872291766312E-05  0.89356969734985E-05 -0.13239795040365E-02
 -0.51162663869832E-05 -0.58397965538473E-05 -0.13264579722934E-02
  0.68597859062389E-05  0.13908592096822E-03 -0.45336660005425E-03
  0.71115168545058E-05 -0.22994162066615E-04 -0.13282768070095E-02
 -0.22870233086127E-04  0.70996377001239E-04 -0.34741513759177E-03
  0.10242631104529E-04 -0.32266526170287E-04 -0.13256102372717E-02
 -0.39551835958093E-04 -0.71028533226882E-05 -0.22886085778922E-03
  0.17204903299613E-05 -0.28547332148133E-04 -0.13218325531142E-02
 -0.25325610511474E-04 -0.58395332787537E-04 -0.30150391000934E-03
 -0.95948674015482E-05 -0.16238158677690E-04 -0.13221385883677E-02
 -0.50173187867855E-04  0.12184904006278E-03 -0.45432955469285E-03
 -0.10934198671885E-03 -0.76297981739414E-04 -0.43888278635725E-03
 -0.33792821270697E-05 -0.55309611074673E-05 -0.13246797225839E-02
 -0.62960234891653E-04 -0.78981199810282E-04 -0.41590226506391E-03
 -0.11776046296038E-06  0.37039828591239E-05 -0.13247726251570E-02
 -0.44606192627225E-04  0.64356178835374E-05 -0.36032101205720E-03
  0.32666241406627E-05 -0.17500081961374E-05 -0.13247726157912E-02
  0.27876504239396E-04  0.35412291425964E-04 -0.36032101691394E-03
  0.11436256882385E-04 -0.97450064535273E-05 -0.13243830624520E-02
  0.10056304259455E-03  0.53850832932546E-04 -0.45090609662732E-03
  0.19184273007988E-04 -0.19785599504423E-04 -0.13221745143272E-02
  0.10247846876830E-03  0.10501023884666E-04 -0.38962613760440E-03
  0.98063366328089E-05 -0.20278158166736E-04 -0.13159379920756E-02
 -0.11324773578469E-03 -0.35570662554992E-04 -0.44808089710182E-03
  0.48763513682361E-04 -0.34831634929500E-04 -0.16212616203635E-03
 -0.74608376463755E-05 -0.37484257718695E-04 -0.13573107779314E-03
 -0.31662174988641E-04  0.10034883655473E-05 -0.13203016007870E-02
 -0.63746306576659E-04 -0.39377883296011E-04 -0.26989947839879E-03
 -0.32496640032545E-04  0.41514222043712E-05 -0.13263616071579E-02
  0.17855681330316E-04  0.22684957878389E-05 -0.30039666075804E-03
 -0.17061281952283E-04  0.75869694091708E-05 -0.13299695107965E-02
  0.72238540956552E-04  0.21690522706885E-05 -0.24185968287641E-03
  0.56493290425820E-05  0.13216275834880E-04 -0.13301903823399E-02
  0.28496008808626E-04 -0.56496362354998E-04 -0.14155901785423E-03
 -0.11744318407717E-04 -0.10208749625081E-04 -0.13149221191108E-02
  0.10934198792913E-03 -0.76297980100966E-04  0.43888278731159E-03
  0.57378711383728E-05  0.49216052096590E-05 -0.13258245039712E-02
  0.12604684786499E-04  0.40481876104951E-05 -0.13281033442494E-02
 -0.31488629026121E-05 -0.19539717168716E-05 -0.13247726249379E-02
  0.16729686953471E-04 -0.41847908299011E-04 -0.36032101669440E-03
  0.64795959628149E-05 -0.16106253210763E-06 -0.13246797245079E-02
  0.99879842778257E-04 -0.15034566028622E-04 -0.41590226608928E-03
  0.18860090752679E-04 -0.19032101777120E-06 -0.13221385901658E-02
  0.12991223579173E-03  0.23416327343254E-04 -0.45013903762717E-03
  0.24308227112702E-04  0.72534138893776E-06 -0.13179802271204E-02
  0.63326800968585E-04  0.43346738153198E-04 -0.25773420262508E-03
  0.68973072779704E-05  0.58914397743386E-05 -0.13130705211885E-02
 -0.93211412673177E-04 -0.60634565184554E-04 -0.37972987630756E-03
  0.63411444797779E-05  0.22299406966266E-04 -0.76405139026709E-04
 -0.61563950796238E-04 -0.13420473875907E-05 -0.15575611675430E-03
 -0.32497729847042E-04  0.10515652485409E-04 -0.13217525218031E-02
 -0.38683141075097E-04  0.21895304594067E-04 -0.23262695794728E-03
 -0.25809039436755E-04  0.48676082202617E-05 -0.13284131427384E-02
  0.48870815061710E-04  0.58078555675747E-04 -0.19110190547475E-03
 -0.64708662898048E-05 -0.51706753749793E-06 -0.13311922791046E-02
  0.16611732443820E-04  0.17589937231261E-04 -0.53739426682421E-04
  0.99430691806444E-05  0.30065161616158E-05 -0.13313047772080E-02
 -0.26087289886101E-04 -0.30646305069607E-04 -0.11396689842541E-03
 -0.19005450817354E-04  0.12347532815269E-04 -0.13159388866923E-02
 -0.12604685336347E-04  0.40481874332831E-05  0.13281033420705E-02
 -0.17379462326631E-04  0.44526472149104E-04 -0.36048135440287E-03
  0.12388183186314E-03 -0.63602212684201E-04  0.45336659808367E-03
  0.69360790781184E-05 -0.23688549730967E-04  0.13204329018566E-02
  0.50173184141188E-04  0.12184903997024E-03  0.45432955753254E-03
  0.36937223327371E-04 -0.65865961774469E-04  0.27005292081249E-03
  0.22415064993785E-04 -0.93781999621098E-05  0.13185094987776E-02
  0.17046846522128E-04  0.17851098744537E-04  0.13204329009583E-02
  0.71524071275017E-04 -0.80832071266049E-05  0.20504053743694E-03
  0.11963809141666E-04 -0.96137958172818E-04  0.35608488347562E-03
  0.77276009390394E-04  0.58429941082371E-04  0.35608488386650E-03
  0.37909035672604E-04  0.51130288061129E-04  0.30150390971571E-03
  0.25582958070680E-04  0.12783678048345E-04  0.13218325535013E-02
  0.19005450043718E-04  0.12347532598513E-04  0.13159388848005E-02
  0.11404993380740E-04  0.13284192818653E-03  0.43888278452049E-03
  0.61563948567714E-04 -0.13420465567054E-05  0.15575611082485E-03
  0.12643340516731E-04  0.37758332538675E-05  0.13252338849772E-02
  0.30741460905865E-04  0.93320825003606E-05  0.13187774473649E-02
  0.89872318489310E-05  0.89356993259474E-05  0.13239795062180E-02
 -0.44718929192129E-05 -0.21658023233335E-04  0.13249710596571E-02
  0.82663045426521E-04 -0.43287006456225E-04  0.34410639089524E-03
 -0.11002949510402E-04 -0.22932904099867E-04  0.13261329421711E-02
 -0.12232160660903E-04  0.33153223758398E-05  0.13239795070781E-02
 -0.13061095577423E-03 -0.17473267818283E-04  0.45432955085958E-03
 -0.10247846954054E-03  0.10501022610601E-04  0.38962613680035E-03
 -0.19184275894563E-04 -0.19785601454449E-04  0.13221745138105E-02
 -0.63326801749633E-04  0.43346739042500E-04  0.25773419896058E-03
 -0.76193593786206E-05 -0.36533387031811E-05  0.13247027233228E-02
 -0.24308226985054E-04  0.72534222694837E-06  0.13179802259542E-02
 -0.78646630266021E-04  0.27331685988408E-04  0.40140753156659E-03
 -0.55816625758153E-05 -0.63894523903504E-04  0.13691601987518E-03
 -0.12319264117280E-04  0.13993717107148E-04  0.13309179679369E-02
  0.73185239728712E-04 -0.32837400064631E-04  0.25187219959466E-03
 -0.76501204183650E-06 -0.12716627681893E-05  0.13252607002070E-02
 -0.10981428673800E-04 -0.39028661379564E-05  0.13293372602107E-02
 -0.80869445797081E-05  0.84262901196801E-04  0.39989165240991E-03
 -0.25818774107646E-04  0.11586074491049E-03  0.44808089437209E-03
 -0.33154896398863E-04  0.59109385016222E-04  0.40745112405180E-03
 -0.13932990325908E-05 -0.74299416150397E-05  0.13258245071178E-02
  0.74608356671815E-05 -0.37484254909953E-04  0.13573107493743E-03
 -0.31944221866859E-04 -0.52644919053718E-04  0.15575611331948E-03
  0.11905532747045E-05 -0.22632970032525E-04  0.13159388860078E-02
 -0.25355687542148E-04  0.22886031364526E-04  0.13217525210084E-02
 -0.38303459776409E-04  0.22552929569509E-04  0.23262695798302E-03
  0.22482425354994E-04 -0.56581135684987E-05  0.76405135501985E-04
  0.85507898425632E-05  0.30275235796329E-05  0.13130705211882E-02
  0.69632660968106E-05 -0.16597723405020E-04  0.30039665754865E-03
  0.69202779087630E-04  0.33169249996870E-04  0.25773420230457E-03
  0.12782276227088E-04  0.20688871856870E-04  0.13179802283916E-02
 -0.89239818557603E-04  0.37708014917438E-04  0.35608488366914E-03
  0.85235251067109E-04  0.10079913325758E-03  0.45013904126164E-03
  0.92652231394603E-05  0.16428480590386E-04  0.13221385882035E-02
  0.36919606700439E-04  0.94015762419116E-04  0.41590227596613E-03
 -0.17245558496518E-04 -0.10490520339651E-04  0.13229045090568E-02
 -0.23982926477063E-04  0.58374546838408E-05  0.13204329014148E-02
 -0.71420429051749E-05 -0.33401685208171E-04  0.13217525215193E-02
 -0.37967985218468E-06 -0.44448234733839E-04  0.23262695653269E-03
 -0.19843558230238E-04  0.26067204003142E-04  0.13263616076641E-02
 -0.10056304543029E-03  0.53850831695452E-04  0.45090609657112E-03
 -0.11436254438575E-04 -0.97450045835698E-05  0.13243830650252E-02
 -0.16718724631810E-05 -0.43741569880633E-05  0.13253101096615E-02
 -0.12991223379985E-03  0.23416327673481E-04  0.45013904145971E-03
 -0.18860091414344E-04 -0.19032016713171E-06  0.13221385883506E-02
  0.10632464825166E-03 -0.72104994658461E-04  0.44775003139453E-03
 -0.63234646825481E-04  0.72650416772815E-05  0.30150391034682E-03
 -0.23862469552195E-04  0.15763651838672E-04  0.13218325532688E-02
 -0.11711361896241E-04  0.10597348036270E-04  0.13267820913306E-02
  0.23539198570325E-04  0.55912117961005E-05  0.53739428463472E-04
 -0.36832263352864E-05 -0.53454011821226E-05  0.13311922811624E-02
  0.10506490485965E-03 -0.42075441225681E-04  0.44258474581207E-03
 -0.69274651270130E-05 -0.23181149825525E-04  0.53739427987172E-04
  0.74732910662781E-04  0.13284090083068E-04  0.19110190795130E-03
 -0.86890464772059E-05 -0.24785087947941E-04  0.13284131440069E-02
  0.11744318712481E-04 -0.10208749641458E-04  0.13149221181837E-02
 -0.78819168324807E-04 -0.49944793542310E-04  0.34410638974584E-03
  0.27965094033338E-05 -0.12940071764142E-04  0.13281033424171E-02
  0.59053674388557E-05  0.11104073221261E-03  0.37972987709642E-03
 -0.71878682920009E-06  0.12983470421179E-05  0.13252606978923E-02
 -0.86305686750715E-12 -0.10942665278560E-11  0.13245685806381E-02
  0.11237789695825E-11 -0.18270786755426E-11  0.33880265324727E-03
  0.15653376381170E-04 -0.81775822543314E-04  0.40140754022821E-03
  0.69735671007512E-05 -0.47718897110447E-05  0.13247027164491E-02
 -0.44203837176351E-04 -0.95421380600058E-04  0.45257481725928E-03
  0.77017285187767E-04 -0.35127950647211E-04  0.39989166605046E-03
  0.64579352464959E-06  0.84252303825295E-05  0.13247027221802E-02
  0.62993250325122E-04  0.54444134783267E-04  0.40140753719311E-03
 -0.72919781013613E-04 -0.15691984132477E-04  0.34741513548755E-03
  0.23469286058114E-04  0.53383286034904E-05  0.13282768067210E-02
 -0.52543450108516E-04  0.36781122112285E-04  0.13691602263865E-03
 -0.46227736322669E-06  0.20180352588771E-04  0.13229045084548E-02
  0.18278546062095E-04  0.36719362663189E-05  0.13309179669604E-02
  0.16253923459958E-04  0.27272745263117E-06  0.13256158506132E-02
 -0.68930342188474E-04 -0.49134947710679E-04  0.39989166160159E-03
 -0.83631481574376E-05  0.13939949296196E-04  0.13256158492448E-02
  0.10473925460335E-03  0.94290403269087E-05  0.45257481640984E-03
  0.63175289343310E-04  0.35699140156062E-05  0.14155901478312E-03
 -0.86209657696737E-05 -0.11500601965068E-04  0.13301903834385E-02
  0.21107323414296E-05  0.11461630350471E-04  0.13293372604890E-02
  0.56751726673317E-04 -0.16093276016466E-04  0.24601949114144E-03
 -0.72470726255999E-05 -0.28621155300135E-04  0.13248187993448E-02
 -0.65030645410381E-04 -0.46961574683591E-04  0.25187219658731E-03
 -0.22875545031845E-04 -0.69297742401749E-04  0.24258525040212E-03
  0.55603249367866E-06 -0.29536480074244E-04  0.13188532965522E-02
  0.24992789984721E-05  0.73507142887115E-05  0.13264579729746E-02
 -0.28761773777153E-04  0.65983267099757E-04  0.20504053922409E-03
 -0.23452550976552E-04  0.21956844774080E-04  0.13187774480127E-02
 -0.11702204633102E-03 -0.75483709657971E-04  0.45336660061683E-03
  0.28404319970045E-04  0.48934407857115E-04  0.35208027344589E-03
 -0.16321298819900E-04  0.27639334643897E-04  0.13240442344483E-02
  0.14837949907196E-05 -0.26688187038343E-07  0.13252606960465E-02
  0.96114346542551E-04  0.91870652151420E-04  0.46217622136287E-03
  0.13496832773516E-04  0.37915407962375E-04  0.11396689874914E-03
  0.23678169022172E-05 -0.10114209553363E-04  0.13313047760700E-02
 -0.30857726330073E-05  0.24101118665810E-04  0.13185094980757E-02
  0.80437771485897E-04 -0.10437577296558E-03  0.45432955437664E-03
  0.32449273999547E-05 -0.12251021932869E-04  0.13239795064108E-02
 -0.15101148639914E-04  0.10982020027793E-04  0.13299695110659E-02
  0.31505143754845E-04 -0.12917279118829E-03  0.46217622090296E-03
  0.17707836677625E-04 -0.96898339933549E-05  0.13229045081910E-02
  0.34240814071136E-04 -0.63644937795339E-04  0.24185968298311E-03
  0.28176280529625E-04 -0.49066069432041E-04  0.35208027517584E-03
  0.32097013739840E-04  0.31499305641617E-06  0.13240442350815E-02
 -0.17119992211340E-04  0.19917479361198E-04  0.13284131417753E-02
 -0.13624666693752E-04  0.37804323084840E-04  0.22886085754278E-03
  0.33064947789950E-04  0.72628844143314E-05  0.13256102382159E-02
 -0.25862095905779E-04 -0.71362644644263E-04  0.19110190610099E-03
 -0.36028255885138E-04  0.80017091691510E-04  0.25435045468222E-03
  0.20140925590502E-04  0.24083007540292E-05  0.13276592471221E-02
 -0.16520453305112E-04  0.14701784958686E-04  0.13249710594032E-02
  0.10956575886434E-03 -0.47173960825025E-04  0.37658376679039E-03
  0.31003139015707E-05  0.56920239789703E-05  0.13246797234420E-02
 -0.82855030711867E-05 -0.99031974426523E-05  0.13270405637173E-02
  0.93211412322701E-04 -0.60634565237211E-04  0.37972987815622E-03
  0.59112226812167E-04  0.31382087403531E-04  0.23181865210794E-03
 -0.93507034967842E-05 -0.26726201980363E-04  0.13290248640762E-02
  0.38572986932987E-04  0.64921558103056E-04  0.27005292159161E-03
 -0.21172923654916E-04 -0.35200000792479E-04  0.25344794154815E-03
 -0.12380389257080E-04 -0.33271683365217E-04  0.13224918252601E-02
 -0.68973068193311E-05  0.58914410503104E-05  0.13130705217873E-02
 -0.48763516981232E-04 -0.34831633578197E-04  0.16212616116886E-03
 -0.63411437916920E-05  0.22299405997811E-04  0.76405134353709E-04
 -0.98063370468713E-05 -0.20278160200531E-04  0.13159379940534E-02
 -0.25927170569570E-04 -0.30701468819479E-04  0.22886085794885E-03
 -0.22822317326413E-04  0.25003642655443E-04  0.13256102391882E-02
  0.16741327607136E-05 -0.20320756993252E-04  0.13229869509934E-02
  0.50049548901252E-04 -0.55304388886495E-04  0.34741513592012E-03
  0.62253787407245E-04 -0.89727813388894E-04  0.40845492363178E-03
 -0.16357770985683E-04  0.17655834468451E-04  0.13282768069189E-02
 -0.76155465638830E-05 -0.15109185058154E-05  0.13264579726692E-02
 -0.12761949168529E-03  0.37302143134960E-04  0.46217622247492E-03
 -0.27876404066731E-05  0.58624699314593E-05  0.13311922787508E-02
 -0.27876504722967E-04  0.35412291606130E-04  0.36032100827340E-03
 -0.16700133453676E-04  0.26918503298983E-04  0.13203016026008E-02
 -0.39584124237908E-04 -0.72691024629220E-05  0.11396689819095E-03
  0.25361952070008E-04  0.19376189640827E-05  0.13261329423275E-02
  0.98081777354434E-05  0.88918823455724E-05  0.13281033422365E-02
  0.25809038618076E-04  0.48676096552762E-05  0.13284131421069E-02
 -0.99116779972373E-04 -0.50406168742774E-04  0.37972987840911E-03
  0.85595675379477E-04  0.58371809449863E-04  0.44433640057113E-03
 -0.89647058362509E-05  0.21789233626173E-04  0.13243943650839E-02
  0.71311682865309E-05  0.25083386960626E-05  0.13258245082475E-02
 -0.56733795868210E-04  0.35501645673553E-04  0.23181865269007E-03
 -0.87428965773986E-04 -0.80290089344315E-04  0.44808089494169E-03
  0.27820921777155E-04  0.52651541045944E-05  0.13290248642150E-02
  0.75752534501788E-05  0.71076932552128E-05  0.13313047777769E-02
  0.87926478332324E-04  0.10910552086974E-04  0.41498348994399E-03
 -0.16729686274177E-04 -0.41847909323699E-04  0.36032100851475E-03
 -0.48870817100332E-04  0.58078553850076E-04  0.19110190751629E-03
 -0.34679279492228E-04  0.52926446515626E-04  0.14155901585153E-03
 -0.27896742870539E-05  0.83353004237166E-05  0.13251845101497E-02
  0.11776054586102E-06  0.37039799223454E-05  0.13247726186885E-02
 -0.14359005004365E-04  0.20995282101989E-04  0.13261329446866E-02
  0.14270295963435E-04 -0.17156753275189E-05  0.13301903822883E-02
  0.25912619015883E-04 -0.11116530047796E-03  0.39270548007615E-03
 -0.27212901693858E-05  0.14776592649046E-04  0.13243830663323E-02
  0.96917710445357E-04  0.60164734759736E-04  0.45090608400381E-03
  0.32496640053092E-04  0.41514235311018E-05  0.13263616074884E-02
  0.17287319376476E-04 -0.15401428044308E-04  0.13207699628183E-02
  0.31488627689344E-05 -0.19539736848614E-05  0.13247726261648E-02
 -0.53412052517820E-04  0.70691286287982E-04  0.41498349013874E-03
 -0.34612780740070E-04 -0.58267676519459E-04  0.40745112309200E-03
 -0.81545960280579E-05  0.79798976057288E-04  0.25187219999488E-03
 -0.56580601435522E-04  0.13165794952532E-06  0.35208027533573E-03
  0.11324773934088E-03 -0.35570660886237E-04  0.44808089497927E-03
 -0.57378688217450E-05  0.49216047221054E-05  0.13258245063227E-02
  0.67767675827035E-04 -0.84170651464051E-06  0.40745112580712E-03
 -0.15775716232510E-04 -0.27954326833293E-04  0.13240442353872E-02
 -0.22623927205179E-04  0.27357570570567E-04  0.13224918265137E-02
 -0.19897633551575E-04  0.35936289174254E-04  0.25344794150997E-03
 -0.71115138698643E-05 -0.22994163592637E-04  0.13282768060125E-02
 -0.75510211819813E-04  0.94440715817286E-06  0.27005291986897E-03
 -0.25857358585201E-04  0.14286701495270E-04  0.13188532963945E-02
  0.62960237143007E-04 -0.78981206396168E-04  0.41590226816159E-03
  0.22870230870772E-04  0.70996375926159E-04  0.34741513659852E-03
  0.22290935260172E-05  0.74894864599877E-04  0.26989947882329E-03
 -0.48575830413709E-04  0.54459676749222E-04  0.24258525208275E-03
  0.33792812958998E-05 -0.55309601580803E-05  0.13246797250902E-02
 -0.21981690528381E-04 -0.72705450120704E-05  0.13207699615287E-02
 -0.10922828484724E-03  0.33141662085051E-04  0.39270548082350E-03
 -0.29619725848166E-04  0.53986968628462E-04  0.15575611222767E-03
 -0.14387678803035E-04 -0.18658281686770E-04  0.13243943664795E-02
  0.36453328149372E-05 -0.11401556407511E-03  0.45090608820051E-03
 -0.20196003031762E-04  0.10285438457439E-04  0.13159388865474E-02
 -0.93349305329190E-04  0.44942125391344E-04  0.44433640317406E-03
  0.14157549707684E-04 -0.50315889464841E-05  0.13243830671536E-02
  0.88706972542205E-05 -0.75587637186930E-05  0.13293372592950E-02
 -0.33218905060854E-05 -0.15441007623101E-04  0.13267820930985E-02
 -0.16094055482476E-04  0.11202659372802E-03  0.44258474606906E-03
 -0.19329294077637E-04 -0.14722916174633E-04  0.13185094975786E-02
 -0.75426961477327E-05  0.26506864980258E-04  0.13221745162400E-02
  0.44606197095312E-04  0.64356189633663E-05  0.36032101816641E-03
  0.77536302889666E-05 -0.10331393162302E-03  0.44433640252977E-03
 -0.23784290213122E-05 -0.66883732448730E-04  0.23181865171611E-03
 -0.60535417645772E-04  0.85992336727993E-04  0.45257481552885E-03
 -0.65975401175933E-04 -0.35516980102649E-04  0.26989947891024E-03
  0.43978753984296E-04 -0.11777976929452E-03  0.45290700490637E-03
 -0.12074698467105E-03 -0.56543948096956E-04  0.43888278631469E-03
 -0.10883346145923E-03 -0.90494537521960E-05  0.40845492769063E-03
  0.94631964766629E-05 -0.94817668347328E-05  0.13237315002063E-02
 -0.12653081520119E-04 -0.30218626813849E-04  0.13263616068555E-02
 -0.38438744742200E-05  0.93231800384012E-04  0.34410638883086E-03
 -0.51282705101882E-04 -0.71209928371505E-04  0.25435045320784E-03
  0.10892417124863E-04  0.14329228046122E-04  0.30039665936518E-03
 -0.58237443758268E-05 -0.65835783134547E-05  0.13251845100915E-02
  0.20992345907504E-04  0.69562393163529E-05  0.13249710595749E-02
 -0.19601348674333E-05 -0.18568988931779E-04  0.13299695098641E-02
 -0.95916393017651E-05  0.90615393278750E-05  0.13252338869397E-02
  0.37997724503680E-04  0.61475884905532E-04  0.24185968224340E-03
 -0.21163112329550E-04  0.20586727222493E-04  0.13248188002576E-02
 -0.42313051780159E-04 -0.41101799769949E-04  0.24601949198900E-03
  0.51162660923742E-05 -0.58397961677967E-05  0.13264579730494E-02
 -0.12156111278361E-04  0.16238403995253E-04  0.13276592455292E-02
 -0.18435359805685E-04  0.87105374836193E-05  0.13229869521166E-02
 -0.14962038662227E-04 -0.27921991292706E-04  0.13203016024922E-02
 -0.68597837955864E-05  0.13908591894715E-03  0.45336660099221E-03
  0.23352384183985E-04 -0.31309507274197E-05  0.13243943665339E-02
 -0.12658233284954E-04  0.18631617760242E-04  0.13159379937862E-02
 -0.17855684979750E-04  0.22684943829763E-05  0.30039666040340E-03
 -0.57833218367012E-05  0.59646258681748E-04  0.16212616280392E-03
 -0.18470219081095E-04  0.21461046626513E-04  0.13290248638087E-02
  0.32497728873837E-04  0.10515652841648E-04  0.13217525229798E-02
  0.31662175138144E-04  0.10034882163794E-05  0.13203016009068E-02
 -0.32666210847190E-05 -0.17500086103598E-05  0.13247726205885E-02
  0.63746304990998E-04 -0.39377881953922E-04  0.26989947863000E-03
 -0.12398965002029E-03  0.20803163679782E-04  0.45290700006543E-03
 -0.99879840481993E-04 -0.15034562750416E-04  0.41590226313300E-03
 -0.14713196056158E-04 -0.50665046407277E-05  0.13149221200276E-02
  0.60333387873636E-04  0.83498443283552E-04  0.38962613829597E-03
 -0.12943046131412E-04 -0.34544838609045E-05  0.13237315038793E-02
 -0.36192737555447E-04  0.12280855512257E-04  0.13573107690140E-03
 -0.64795951577700E-05 -0.16106348757113E-06  0.13246797232931E-02
  0.38683141559788E-04  0.21895306909473E-04  0.23262695710685E-03
 -0.78907734999611E-05 -0.14212674491524E-04  0.13256158512054E-02
 -0.18052131019796E-04 -0.20648495652482E-04  0.13966431553878E-02
 -0.66403946701247E-12  0.23674758253713E-12 -0.12606233626253E-02
 -0.10072413941002E-04 -0.46079083635864E-05  0.14217495404309E-02
 -0.44941048163780E-04 -0.18245366265411E-04 -0.13980179484918E-02
 -0.99698956920213E-05 -0.95094920104639E-05 -0.13089016048934E-02
 -0.21302476852204E-04 -0.14423021823503E-04 -0.14111025649210E-02
  0.40986820582632E-04 -0.36579702944078E-05  0.14048608114024E-02
 -0.19933022986366E-04  0.23766377864890E-06 -0.13689985728013E-02
 -0.22448314497664E-04  0.47484589640784E-04  0.13945849315792E-02
  0.42316901558222E-05 -0.14090063359166E-04 -0.14140584470178E-02
  0.24752847817045E-04  0.98162507619064E-05 -0.14058225789825E-02
 -0.10077712582843E-04  0.13434673570210E-04 -0.12824579039695E-02
  0.34212570517652E-05  0.16072789346629E-04 -0.14100952677932E-02
  0.93525306597449E-05 -0.14821969811773E-04  0.12901540809827E-02
 -0.22498253851600E-04  0.34637802954508E-04 -0.13904384004752E-02
 -0.18357122131977E-05  0.40304405925832E-04 -0.14038326077714E-02
 -0.57520195393170E-05 -0.91014691841507E-06  0.12687153886312E-02
 -0.23661304409393E-04 -0.33666646141396E-04  0.14048608118270E-02
 -0.15340420785319E-04 -0.42405716463578E-04  0.13732020761734E-02
  0.49380638765069E-04 -0.21288243129142E-04 -0.13896609001647E-02
 -0.18275821472046E-04  0.43669341415929E-04 -0.13664634486127E-02
  0.35822497264176E-04 -0.18562428499595E-04 -0.14038326086750E-02
 -0.17512467071850E-04 -0.68854447365035E-06  0.12901540817813E-02
 -0.13441714210162E-04  0.26511169061366E-04 -0.13087393707284E-02
  0.29365607670017E-04 -0.31272233696190E-04  0.13415336253174E-02
 -0.22238722491938E-04  0.31255182440763E-04 -0.13368881455357E-02
  0.46910475432286E-04 -0.29280847605995E-04 -0.13827314350147E-02
 -0.24752845289544E-04  0.98162517141466E-05  0.14058225780042E-02
  0.52241501471997E-04 -0.35703776440183E-04 -0.13915977168687E-02
 -0.50502086572745E-05  0.53245436566479E-05 -0.12680773460535E-02
 -0.41268977119832E-05 -0.23814167894920E-04  0.13206033273241E-02
 -0.23270691911997E-04 -0.14208635605585E-04  0.13423975299470E-02
  0.18052132054980E-04 -0.20648495176917E-04 -0.13966431558086E-02
 -0.20860821994554E-05 -0.70358886645851E-05 -0.12680773446983E-02
  0.43126478727678E-04 -0.32120766653808E-04  0.13896608989430E-02
  0.38271473059913E-04 -0.29797407081476E-04 -0.13980179489387E-02
 -0.12309846421042E-04  0.52204046685368E-04  0.13945800591500E-02
 -0.46955523188359E-05  0.18205494425898E-05 -0.12824372713441E-02
 -0.29224920355284E-04 -0.11638406530288E-04 -0.14126010910854E-02
  0.10077708332106E-04  0.13434667410867E-04  0.12824579072796E-02
 -0.53766394127888E-04 -0.18933474399483E-04 -0.13998176713262E-02
 -0.31946731099092E-04 -0.14310906093408E-04 -0.13938885311029E-02
 -0.17614196903507E-04  0.16272960868487E-05  0.13945497870175E-02
 -0.18748089811526E-04 -0.36802960520109E-04 -0.13904384011667E-02
 -0.44736946692722E-04 -0.43057123192158E-04  0.13962677774727E-02
 -0.50854761671098E-04 -0.66370920738943E-05 -0.13830585247652E-02
  0.97606886766138E-05 -0.17381335946542E-04 -0.13689985725814E-02
 -0.36985730307471E-04 -0.30197756787566E-04  0.14050565218597E-02
 -0.26895364476597E-04 -0.28664173199745E-04  0.13735998896604E-02
  0.26895366263674E-04 -0.28664171461604E-04 -0.13735998918068E-02
  0.40393367936668E-04 -0.18741267790172E-04 -0.13543235811304E-02
 -0.46910475675277E-04 -0.29280846970752E-04  0.13827314360755E-02
  0.17614199890367E-04  0.16273003997121E-05 -0.13945497843340E-02
  0.15340417842385E-04 -0.42405716139711E-04 -0.13732020758807E-02
 -0.57382576618866E-04 -0.22118896783740E-04 -0.13977187418714E-02
 -0.49380635433534E-04 -0.21288243872287E-04  0.13896609000245E-02
 -0.42379438349168E-04 -0.32667202416267E-04 -0.13714531285431E-02
  0.24962218127626E-05  0.19785969908367E-04  0.13689652303889E-02
  0.95357609627205E-05  0.60754218017028E-04 -0.13977187408874E-02
  0.26908189564428E-04 -0.53093571439004E-05  0.13966431575267E-02
  0.61312110464979E-05  0.47695104416958E-05 -0.13374357708145E-02
  0.19679489562336E-04  0.47360063860267E-04 -0.13830585259704E-02
 -0.20831214843646E-04  0.32091670174456E-04  0.13553115902561E-02
  0.44644888509716E-04 -0.16931705380588E-04  0.14050565220988E-02
  0.30684687030868E-04  0.18847506810571E-04 -0.13419370751016E-02
  0.41268950837965E-05 -0.23814163679639E-04 -0.13206033300428E-02
  0.29680202023642E-04 -0.16147184583298E-05 -0.13087393678303E-02
  0.38271584682639E-04 -0.89599823275504E-05  0.13735998908005E-02
 -0.15948421014295E-04 -0.34886891589864E-04 -0.13368881443522E-02
 -0.39095287190493E-04  0.14246003558528E-04  0.13679833112844E-02
  0.13220413911471E-04 -0.38794345770119E-05 -0.13089016066765E-02
  0.22687118880817E-04  0.83330844766785E-05  0.13206033287465E-02
  0.46956671363410E-04 -0.60073429962031E-05 -0.13664634477729E-02
 -0.14318196620343E-04  0.33802809618044E-05 -0.14140584480093E-02
  0.45333018066062E-05  0.31128725979898E-04 -0.14126010923695E-02
 -0.41765358585067E-04 -0.97952449787969E-05  0.13415336226092E-02
  0.59657035429354E-04 -0.17214769008138E-04  0.13962677769367E-02
 -0.15630073352898E-04 -0.50734987652427E-05 -0.14100952663816E-02
 -0.65959116296470E-05 -0.15444887492360E-04 -0.12824579049138E-02
  0.23661305029098E-04 -0.33666644837755E-04 -0.14048608107172E-02
  0.90267734071402E-05 -0.64190130988921E-05  0.14217495402453E-02
  0.44394641629739E-04  0.79176666943710E-05  0.13732020763331E-02
 -0.38525110216893E-04  0.13552176233750E-04 -0.13924265302953E-02
  0.44736946180496E-04 -0.43057124559509E-04 -0.13962677770980E-02
  0.22238725722960E-04  0.31255182962843E-04  0.13368881440562E-02
  0.18394652579343E-05  0.25659994923024E-04  0.14111025638489E-02
  0.36985731874945E-04 -0.30197754918347E-04 -0.14050565218938E-02
 -0.35530994662345E-04 -0.15900693523322E-04 -0.13744149914876E-02
  0.10072415645433E-04 -0.46079073549391E-05 -0.14217495393249E-02
  0.73667483126794E-05  0.29791246218900E-04  0.13205505686745E-02
 -0.22116604340257E-04 -0.21275409918026E-04 -0.13205505699628E-02
  0.39950951476620E-05  0.38721089079840E-04 -0.13744149922363E-02
  0.73978199465378E-05 -0.16067993607324E-04  0.13945497863242E-02
  0.48813196694952E-04 -0.25985241672414E-04  0.13827314344837E-02
  0.35797579645028E-05  0.34822136694892E-04 -0.13938885315611E-02
  0.30999088210483E-04  0.26587638298073E-04 -0.13924265298010E-02
 -0.25541380996685E-04  0.73940711438441E-05  0.13094350633356E-02
  0.85511467592457E-05  0.19573825778609E-04 -0.13421232516439E-02
 -0.39244190264183E-05  0.31561994742723E-05  0.12824372662065E-02
  0.10486326175724E-04  0.56029799392385E-04 -0.13998176687837E-02
  0.12471363517011E-04  0.35159134393741E-05 -0.12891715553104E-02
 -0.47052694238839E-05  0.38712381001624E-05  0.13094303449054E-02
  0.71362930031011E-05  0.17113440646748E-05 -0.12680773478410E-02
 -0.71009073152408E-05  0.53035268989682E-04 -0.13714531304760E-02
 -0.10649098208595E-05 -0.76945422606705E-05  0.13374357726903E-02
  0.23940384483261E-04 -0.13048695377797E-04  0.13423975278373E-02
 -0.92805496184449E-05  0.90425614274315E-05 -0.12891715585304E-02
 -0.73667483973292E-05  0.29791246081939E-04 -0.13205505669669E-02
 -0.31664769689136E-04  0.17149966820470E-04 -0.13419370723386E-02
 -0.61312112166808E-05  0.47695112958590E-05  0.13374357711301E-02
 -0.21227000708924E-04 -0.23814006437798E-05 -0.13421232538412E-02
  0.31664769209117E-04  0.17149970110839E-04  0.13419370717296E-02
  0.22498254069389E-04  0.34637801907012E-04  0.13904384005714E-02
  0.16673616703000E-04  0.20102087890824E-05 -0.12824579076717E-02
  0.39244200122666E-05  0.31561994996551E-05 -0.12824372700393E-02
 -0.14920089227932E-04  0.60271895084257E-04  0.13962677776870E-02
 -0.22687119970794E-04  0.83330838516232E-05 -0.13206033288337E-02
 -0.76591589495730E-05  0.47129460720068E-04  0.14050565227915E-02
 -0.44394641511996E-04  0.79176661883234E-05 -0.13732020760695E-02
 -0.40986821722128E-04 -0.36579676981349E-05 -0.14048608108379E-02
  0.10456421673175E-05  0.11026920843101E-04  0.14217495400600E-02
 -0.38753018183685E-05 -0.26344718493693E-04 -0.14058225753775E-02
 -0.42316906003343E-05 -0.14090062342326E-04  0.14140584477678E-02
  0.29898705511857E-04 -0.43183102368606E-04 -0.13945849304817E-02
  0.39055106518876E-04 -0.36762663418211E-04 -0.13945800607591E-02
 -0.97606915007088E-05 -0.17381335061162E-04  0.13689985715814E-02
  0.23141941745648E-04 -0.11236973320468E-04 -0.14111025645218E-02
 -0.13220408475107E-04 -0.38794352769100E-05  0.13089016044146E-02
 -0.10456415965889E-05  0.11026918578669E-04 -0.14217495408281E-02
 -0.10216381534895E-04  0.14440698182036E-04 -0.13945497860718E-02
 -0.71362968589272E-05  0.17113441654771E-05  0.12680773429671E-02
 -0.71961262844416E-05  0.29250243545750E-05 -0.13374357714068E-02
  0.20860792432139E-05 -0.70358801569288E-05  0.12680773527592E-02
  0.77114181382418E-06 -0.49767497201300E-05 -0.12824372639051E-02
 -0.17325515475368E-04  0.37324613495306E-04  0.14048608102836E-02
  0.23106402690326E-11 -0.34873815130513E-11  0.12606233633240E-02
  0.18560221281279E-04  0.15481080148352E-04 -0.13206033292696E-02
  0.11376218147684E-04  0.37624156561196E-04 -0.13735998915815E-02
  0.14920089006472E-04  0.60271894768986E-04 -0.13962677799818E-02
  0.29054220642639E-04  0.34488056446398E-04 -0.13732020772319E-02
 -0.88560559411777E-05  0.25957853759976E-04  0.13966431557496E-02
  0.38187141297879E-04  0.36317036534428E-05 -0.13368881469079E-02
 -0.23141939488399E-04 -0.11236974182282E-04  0.14111025659976E-02
  0.29483351689568E-04 -0.85158319479999E-05 -0.13205505656224E-02
  0.10649124554717E-05 -0.76945422792516E-05 -0.13374357711894E-02
 -0.38271474583079E-04 -0.29797408560352E-04  0.13980179491708E-02
 -0.38271582896875E-04 -0.89599837567689E-05 -0.13735998914936E-02
 -0.40393364588163E-04 -0.18741269928583E-04  0.13543235853872E-02
 -0.59657036062703E-04 -0.17214769040483E-04 -0.13962677774668E-02
 -0.43126476870458E-04 -0.32120765874362E-04 -0.13896608994417E-02
 -0.29680205636731E-04 -0.16147155560791E-05  0.13087393666972E-02
 -0.72102403490886E-05 -0.40980509221818E-04 -0.13679833115525E-02
 -0.12471361451084E-04  0.35159155222348E-05  0.12891715581662E-02
  0.17376594595093E-04 -0.34086194605559E-04 -0.13553115926492E-02
  0.18383262364439E-04 -0.77311920946891E-05 -0.13689652311286E-02
  0.99698937976453E-05 -0.95094930623169E-05  0.13089016026547E-02
  0.88560535936746E-05  0.25957853017161E-04 -0.13966431558529E-02
  0.36427099979870E-04 -0.25611050956230E-04  0.13543235821663E-02
  0.76591560316151E-05  0.47129460495415E-04 -0.14050565213312E-02
  0.57041131673494E-04 -0.27390579607714E-04  0.13915977163866E-02
  0.16238491908106E-04 -0.24896450977833E-04  0.13087393662438E-02
 -0.16673624593612E-04  0.20102151339606E-05  0.12824579044007E-02
  0.28680847984281E-04 -0.37661997261159E-04  0.13664634490730E-02
  0.39662665035102E-05  0.44352315838428E-04  0.13543235835428E-02
 -0.98007922635614E-06 -0.35997472209714E-04  0.13419370754262E-02
  0.18275822849596E-04  0.43669340756888E-04  0.13664634501023E-02
 -0.75260258214664E-05 -0.40139819480667E-04  0.13924265294231E-02
  0.38525115046421E-04  0.13552178659336E-04  0.13924265310754E-02
  0.53766394297561E-04 -0.18933474664961E-04  0.13998176707998E-02
 -0.12208815927472E-04 -0.10999291107080E-04  0.14100952682849E-02
  0.42379437520368E-04 -0.32667199593821E-04  0.13714531292555E-02
 -0.18560224180429E-04  0.15481081466434E-04  0.13206033280962E-02
  0.22116600922893E-04 -0.21275415908140E-04  0.13205505669956E-02
 -0.77113632719395E-06 -0.49767446903302E-05  0.12824372709187E-02
  0.71961239516744E-05  0.29250268693029E-05  0.13374357721020E-02
 -0.41246342096588E-04  0.21651607330908E-05  0.13904384008969E-02
  0.35530994727633E-04 -0.15900692778297E-04  0.13744149898507E-02
 -0.43280067498681E-04 -0.37096325246740E-04  0.13998176689721E-02
 -0.31175275837018E-04 -0.40722968054843E-04  0.13830585250866E-02
  0.57382579066938E-04 -0.22118896656453E-04  0.13977187405897E-02
 -0.12675854039517E-04 -0.17192421064855E-04  0.13421232556577E-02
  0.50854761957818E-04 -0.66370947419217E-05  0.13830585253302E-02
  0.32505174823433E-05  0.13388930081875E-04  0.13089016060154E-02
  0.13441709518348E-04  0.26511169749629E-04  0.13087393667683E-02
 -0.10172331640902E-04  0.17143674251762E-04  0.13689985710394E-02
  0.31908120150409E-05 -0.12558473126357E-04  0.12891715562697E-02
 -0.28366976361233E-04 -0.20511226674950E-04  0.13938885307787E-02
  0.50502141723121E-05  0.53245416311974E-05  0.12680773458036E-02
 -0.29483346596730E-04 -0.85158350518385E-05  0.13205505697719E-02
 -0.31535899219785E-04 -0.22820398135628E-04  0.13744149903204E-02
  0.33986782797399E-04 -0.21741977481656E-04  0.14038326069149E-02
 -0.24691615823753E-04 -0.19490321535269E-04  0.14126010942961E-02
 -0.29054218501473E-04  0.34488054076666E-04  0.13732020776977E-02
 -0.10086507113072E-04  0.10709782379403E-04  0.14140584472479E-02
 -0.66695729268133E-05  0.48042774100823E-04  0.13980179493012E-02
 -0.11376219224907E-04  0.37624154261469E-04  0.13735998898370E-02
 -0.47996290094522E-05  0.63094357029031E-04  0.13915977168679E-02
  0.10216380600590E-04  0.14440694106744E-04  0.13945497862848E-02
 -0.19027173804315E-05  0.55266086725178E-04  0.13827314364733E-02
  0.18357109220451E-05  0.40304404927991E-04  0.14038326080419E-02
  0.29224922432739E-04 -0.11638407507558E-04  0.14126010921980E-02
  0.18748087752171E-04 -0.36802961499055E-04  0.13904384012802E-02
  0.31946732726143E-04 -0.14310905846529E-04  0.13938885307287E-02
  0.15948421436909E-04 -0.34886888907442E-04  0.13368881451693E-02
  0.65959156724427E-05 -0.15444887954507E-04  0.12824579091978E-02
  0.21227000585898E-04 -0.23813996331059E-05  0.13421232556705E-02
 -0.38187142277499E-04  0.36317054486904E-05  0.13368881448038E-02
  0.92805488974804E-05  0.90425592661548E-05  0.12891715580426E-02
 -0.49480345888960E-04 -0.20368067652466E-04  0.13714531304723E-02
 -0.47846814051197E-04 -0.38635323352332E-04  0.13977187423326E-02
  0.15630073739796E-04 -0.50735001054254E-05  0.14100952684922E-02
  0.19027193531714E-05  0.55266085687467E-04 -0.13827314368588E-02
  0.62541600050274E-05  0.53409006424976E-04  0.13896608991955E-02
  0.66969353373027E-06  0.27257328205410E-04 -0.13423975280894E-02
 -0.34212590215969E-05  0.16072789099621E-04  0.14100952669412E-02
  0.66695748042874E-05  0.48042775956065E-04 -0.13980179483909E-02
  0.12309846425134E-04  0.52204048757409E-04 -0.13945800603624E-02
 -0.10486326056267E-04  0.56029802339789E-04  0.13998176690588E-02
  0.20831215768326E-04  0.32091670193566E-04 -0.13553115925575E-02
 -0.95357617846766E-05  0.60754220594416E-04  0.13977187409346E-02
  0.25541372539826E-04  0.73940668061054E-05 -0.13094350651481E-02
  0.17512466971315E-04 -0.68854391300949E-06 -0.12901540806189E-02
 -0.45333048841206E-05  0.31128727892121E-04  0.14126010931106E-02
 -0.57052185714218E-05  0.21392633081977E-05 -0.13094303455914E-02
  0.51364953207835E-04 -0.15441385597724E-04  0.13945800600288E-02
 -0.38207810838860E-04  0.19945263503930E-05 -0.13553115903369E-02
 -0.52347017891159E-04 -0.43014880014191E-05 -0.13945849317958E-02
  0.38207807710350E-04  0.19945266739147E-05  0.13553115902189E-02
 -0.33986782807510E-04 -0.21741978886310E-04 -0.14038326066164E-02
  0.19174143766814E-04  0.18422447610612E-04  0.13094350628507E-02
  0.75260266788491E-05 -0.40139816105941E-04 -0.13924265295349E-02
  0.31175273992262E-04 -0.40722969322693E-04 -0.13830585261583E-02
  0.81599373107571E-05  0.15510513237020E-04  0.12901540793839E-02
  0.28366973241868E-04 -0.20511230071889E-04 -0.13938885313376E-02
 -0.99995941268458E-06 -0.60105012586128E-05  0.13094303474057E-02
  0.10172330984779E-04  0.17143675031991E-04 -0.13689985710758E-02
  0.38753020323911E-05 -0.26344720307863E-04  0.14058225785684E-02
  0.12675853403939E-04 -0.17192416236720E-04 -0.13421232547857E-02
  0.98007856868670E-06 -0.35997476904394E-04 -0.13419370740780E-02
 -0.16238491406145E-04 -0.24896449888379E-04 -0.13087393687381E-02
  0.71009092588850E-05  0.53035268717913E-04  0.13714531312760E-02
 -0.31908140294863E-05 -0.12558472205476E-04 -0.12891715598948E-02
 -0.32505152852913E-05  0.13388929881920E-04 -0.13089016089762E-02
 -0.39950943413855E-05  0.38721087681832E-04  0.13744149911756E-02
 -0.39662700674347E-05  0.44352316170898E-04 -0.13543235822519E-02
  0.21302475248400E-04 -0.14423022876043E-04  0.14111025660229E-02
  0.47996281652264E-05  0.63094356743409E-04 -0.13915977179200E-02
  0.22448310908413E-04  0.47484590207752E-04 -0.13945849297286E-02
  0.15887043115535E-04 -0.12054777438818E-04  0.13689652305720E-02
  0.10086508437059E-04  0.10709779904788E-04 -0.14140584486777E-02
  0.39095285477723E-04  0.14246004119167E-04 -0.13679833100930E-02
  0.41765355979753E-04 -0.97952469611597E-05 -0.13415336254638E-02
  0.23270689947645E-04 -0.14208636224030E-04 -0.13423975303558E-02
  0.20878036309364E-05  0.54364678531002E-05  0.12687153888595E-02
 -0.15887041260612E-04 -0.12054775801656E-04 -0.13689652323058E-02
  0.36642213750134E-05 -0.45263185420900E-05  0.12687153911677E-02
 -0.51364954276798E-04 -0.15441384339035E-04 -0.13945800602375E-02
 -0.57041129638395E-04 -0.27390580679259E-04 -0.13915977173854E-02
  0.63672365248228E-05 -0.25816513684764E-04  0.13094350643261E-02
 -0.28680848037471E-04 -0.37661998500499E-04 -0.13664634507214E-02
  0.72102428803137E-05 -0.40980512740639E-04  0.13679833101845E-02
  0.57052247926118E-05  0.21392594893491E-05  0.13094303474483E-02
 -0.36427097096288E-04 -0.25611048891428E-04 -0.13543235834933E-02
 -0.18394662902405E-05  0.25659994873414E-04 -0.14111025641146E-02
 -0.24962222686628E-05  0.19785970447241E-04 -0.13689652318723E-02
 -0.81599367830700E-05  0.15510514559235E-04 -0.12901540792354E-02
 -0.12399748812823E-04  0.41067484340595E-04 -0.13415336219576E-02
 -0.39055108721850E-04 -0.36762660995043E-04  0.13945800605584E-02
 -0.62541612594614E-05  0.53409008989766E-04 -0.13896609014543E-02
 -0.52241502552606E-04 -0.35703777661514E-04  0.13915977150813E-02
  0.17325514844468E-04  0.37324610759101E-04 -0.14048608117123E-02
  0.41246342934232E-04  0.21651570021233E-05 -0.13904384002075E-02
 -0.46956673148932E-04 -0.60073440041763E-05  0.13664634511115E-02
  0.49480345392429E-04 -0.20368068486087E-04 -0.13714531296592E-02
 -0.30684687328788E-04  0.18847510928084E-04  0.13419370753283E-02
  0.31535900864652E-04 -0.22820398869650E-04 -0.13744149898216E-02
 -0.73978184479484E-05 -0.16067993348438E-04 -0.13945497855155E-02
 -0.85511455942321E-05  0.19573819624931E-04  0.13421232545359E-02
 -0.44644889034456E-04 -0.16931706521946E-04 -0.14050565221158E-02
  0.19933025365410E-04  0.23766252722701E-06  0.13689985733108E-02
 -0.48813194960124E-04 -0.25985243353718E-04 -0.13827314364053E-02
 -0.29365608150171E-04 -0.31272241503448E-04 -0.13415336237342E-02
  0.44941049674743E-04 -0.18245364120093E-04  0.13980179500088E-02
 -0.63672357794138E-05 -0.25816516246121E-04 -0.13094350644430E-02
  0.20877545863101E-04  0.16528470057275E-04  0.14058225767402E-02
  0.99995716909011E-06 -0.60104971437874E-05 -0.13094303438722E-02
 -0.18383261518304E-04 -0.77311950818687E-05  0.13689652311242E-02
 -0.36642102915453E-05 -0.45263290766232E-05 -0.12687153918875E-02
 -0.66969363324390E-06  0.27257327373638E-04  0.13423975293463E-02
 -0.93525317759424E-05 -0.14821968787609E-04 -0.12901540789518E-02
 -0.29898706187161E-04 -0.43183107027549E-04  0.13945849300605E-02
  0.47052665435753E-05  0.38712374731854E-05 -0.13094303459969E-02
  0.57520204102544E-05 -0.91013982326803E-06 -0.12687153890785E-02
 -0.35822496379133E-04 -0.18562429420786E-04  0.14038326061397E-02
 -0.20878021713973E-05  0.54364688506592E-05 -0.12687153918252E-02
 -0.30999086404156E-04  0.26587637729899E-04  0.13924265289483E-02
 -0.19174140001624E-04  0.18422444487815E-04 -0.13094350661991E-02
 -0.31885045126088E-04  0.26734508652947E-04 -0.13679833101293E-02
 -0.19679489575620E-04  0.47360062640207E-04  0.13830585259951E-02
 -0.20877544154302E-04  0.16528471231206E-04 -0.14058225789702E-02
 -0.17376593094229E-04 -0.34086193649819E-04  0.13553115912864E-02
 -0.35797572435644E-05  0.34822138860441E-04  0.13938885331658E-02
  0.43280069743075E-04 -0.37096325686809E-04 -0.13998176698981E-02
  0.14318197445547E-04  0.33802807171841E-05  0.14140584493529E-02
  0.47846815200477E-04 -0.38635324024801E-04 -0.13977187414315E-02
  0.52347019308971E-04 -0.43014844898080E-05  0.13945849307256E-02
  0.24691616084693E-04 -0.19490322498656E-04 -0.14126010921615E-02
 -0.90267729230524E-05 -0.64190128930523E-05 -0.14217495410202E-02
  0.31885044688042E-04  0.26734508518937E-04  0.13679833114233E-02
 -0.26908189659923E-04 -0.53093559923987E-05 -0.13966431553416E-02
  0.12399745781204E-04  0.41067478795711E-04  0.13415336254322E-02
 -0.23940384285692E-04 -0.13048688206733E-04 -0.13423975297534E-02
  0.12208814338429E-04 -0.10999291721231E-04 -0.14100952672702E-02
  0.46955639802364E-05  0.18205487201954E-05  0.12824372651011E-02
