 -0.68646264417751E-05 -0.53144112815587E-05  0.13108608975079E-02
  0.35847652448653E-06  0.94506350541156E-05 -0.13153824517809E-02
 -0.21385587028836E-04  0.13771914620316E-03 -0.44427010868764E-03
  0.67414197062186E-05  0.15150703861089E-04 -0.13225816988766E-02
 -0.20262287174002E-04  0.12873456815085E-03 -0.41569717719033E-03
  0.12499932653939E-04  0.19300186624442E-04 -0.13276033278271E-02
  0.14760324265086E-05  0.64189499812624E-04 -0.23267704880466E-03
  0.12291969975929E-04  0.13497441013086E-04 -0.13281955448809E-02
  0.14606037569424E-04  0.17418995481918E-04 -0.40344434114838E-04
 -0.19384440751604E-12 -0.76339586333494E-12 -0.13277043297103E-02
 -0.98100493202905E-13 -0.17082096476531E-11  0.33038115991072E-04
 -0.16987819842452E-04 -0.18079576616524E-04 -0.13292598297573E-02
 -0.12744764190253E-04 -0.33824366784089E-04 -0.37522166466917E-04
 -0.31643688309419E-04 -0.35495859480760E-04 -0.13306686019841E-02
 -0.18502273933220E-04 -0.74478646604057E-04 -0.16872502915665E-03
 -0.37691002043008E-04 -0.42727164790310E-04 -0.13336483573716E-02
 -0.52032316250199E-05  0.85916437188205E-04 -0.36190832005100E-03
 -0.42869311494966E-04 -0.46494186620163E-04 -0.23089973114358E-03
 -0.32752536144449E-05  0.44723093588570E-05 -0.13100262546263E-02
 -0.36260431004418E-04 -0.34975935470180E-04 -0.13300681094373E-02
 -0.57820236422783E-04 -0.68979019584590E-04 -0.31819155207933E-03
 -0.27039668062798E-04 -0.33161057656049E-04 -0.13274228129552E-02
 -0.80854267909598E-04 -0.31188385077266E-04 -0.33801262779082E-03
 -0.84640238211577E-05  0.24877469509280E-04 -0.13207404526918E-02
 -0.20023881982467E-05  0.13429717047623E-03 -0.43106333404746E-03
 -0.44149542190689E-05  0.33546853298406E-04 -0.13258265035218E-02
 -0.30827464651606E-04  0.84563306784773E-04 -0.31819155367097E-03
 -0.12113357805244E-05  0.35086354525357E-04 -0.13290608369745E-02
 -0.30076719695936E-04  0.43359773150646E-04 -0.15087212008944E-03
 -0.71634613845719E-05  0.23751672892528E-04 -0.13292598298876E-02
 -0.22920375996496E-04  0.27949474450902E-04 -0.37522168339122E-04
 -0.17835111322342E-04  0.38964414339450E-05 -0.13281955432241E-02
 -0.22388312517168E-04  0.39396988838623E-05 -0.40344433515378E-04
 -0.29780007381071E-04 -0.18592225929923E-04 -0.13290608363055E-02
 -0.22512307283742E-04 -0.47727082517923E-04 -0.15087212242056E-03
 -0.35737493078940E-04 -0.56301684764921E-04 -0.23957054260376E-03
 -0.26844951291014E-04 -0.20596891789934E-04 -0.13258265041185E-02
 -0.29845733100378E-06 -0.32167657779561E-05 -0.13090207952375E-02
  0.54377992495803E-05 -0.13921529642002E-05 -0.13138587664268E-02
  0.16779836417378E-04 -0.88517294664357E-05 -0.13211069516196E-02
 -0.67981978591541E-04  0.68818535500989E-04 -0.43634524840462E-03
  0.32385539056264E-04 -0.57233834401911E-05 -0.13274469533543E-02
  0.66810794464408E-05  0.58813809389599E-04 -0.37057502357041E-03
  0.44647975453332E-04 -0.76226982378320E-05 -0.13286160298877E-02
  0.68434658424112E-04  0.34719720910656E-04 -0.25453508486451E-03
  0.46562158447995E-04 -0.96563067522805E-05 -0.13306686004005E-02
  0.73751537251859E-04  0.21215879387483E-04 -0.16872503685574E-03
  0.30991342309513E-04 -0.16494132045703E-04 -0.13290608380908E-02
  0.52589026120837E-04  0.43673179217219E-05 -0.15087212832690E-03
  0.10464483858009E-04 -0.20475352213412E-04 -0.13276033269236E-02
  0.54851724402111E-04 -0.33373033386065E-04 -0.23267705308212E-03
 -0.90934794750870E-05 -0.25048126284501E-04 -0.13267612854004E-02
  0.66630910246860E-04 -0.68033230944397E-04 -0.33532112289503E-03
 -0.21149363584577E-04 -0.25185007657758E-04 -0.13274469549846E-02
 -0.96954168909164E-04  0.44941259954176E-04 -0.40801359205507E-03
 -0.41506255765082E-04  0.41076202810965E-04 -0.33081544260922E-03
  0.47760871520582E-05 -0.84363406106949E-05 -0.13153049359780E-02
 -0.11701048658996E-05 -0.86021478917061E-05 -0.13108608849643E-02
 -0.51785939515278E-04  0.94252129628744E-04 -0.41073310377467E-03
  0.15535501127039E-04  0.28502765253965E-06 -0.13203068948627E-02
 -0.28945070578608E-04  0.12299963301277E-03 -0.44487380758711E-03
  0.26239051033964E-04  0.46488765279263E-05 -0.13267612841600E-02
  0.25603053618727E-04  0.91720680424525E-04 -0.33532112322104E-03
  0.32247587258047E-04  0.14824476880996E-05 -0.13281732582217E-02
  0.56606343466388E-04  0.37372508421194E-04 -0.15527632435790E-03
  0.24151285938798E-04 -0.56720969784842E-05 -0.13292598331890E-02
  0.35665135743872E-04  0.58748949556260E-05 -0.37522169180618E-04
  0.55431371976566E-05 -0.17393877038983E-04 -0.13281955424501E-02
  0.77822785028616E-05 -0.21358693922288E-04 -0.40344431720002E-04
 -0.14839957691811E-04 -0.28668450369477E-04 -0.13281732621245E-02
  0.40623658271295E-05 -0.67708780382913E-04 -0.15527632041085E-03
 -0.28925432607520E-04 -0.34854927533600E-04 -0.13286160289988E-02
 -0.41491686104158E-05 -0.76626013301134E-04 -0.25453508049158E-03
 -0.87714112083730E-04  0.13283430676041E-05 -0.36008422176026E-03
  0.47593716853632E-04 -0.35192892594281E-04 -0.37057502208218E-03
 -0.56327748369198E-04 -0.30816476051632E-04 -0.23267704677931E-03
 -0.60668710984909E-04  0.30336276148750E-04 -0.15527631969424E-03
 -0.20262286142547E-04 -0.12873457608324E-03  0.41569717531946E-03
  0.67414215149058E-05 -0.15150696918220E-04  0.13225816986910E-02
 -0.30827463142635E-04 -0.84563297619381E-04  0.31819155655297E-03
 -0.44149551617086E-05 -0.33546851651749E-04  0.13258265038342E-02
 -0.30889943540032E-04 -0.59100416569411E-04  0.23957054132901E-03
 -0.12159830437910E-04 -0.48890421902660E-04  0.13300681119538E-02
 -0.18830491598456E-04 -0.60373006582922E-04  0.23089972851351E-03
 -0.18157310558449E-04 -0.54004946526141E-04  0.13336483588157E-02
  0.43628118735673E-05 -0.37659136223216E-04  0.27376570942815E-03
 -0.11432727485684E-04 -0.45163027265678E-04  0.13325710523506E-02
 -0.51785940707718E-04 -0.94252134263880E-04  0.41073310614458E-03
  0.54377967676667E-05  0.13921592350630E-05  0.13138587671009E-02
 -0.21385584662882E-04 -0.13771914988850E-03  0.44427011374232E-03
  0.35847565766327E-06 -0.94506382329358E-05  0.13153824508036E-02
 -0.20023834334219E-05 -0.13429717069826E-03  0.43106333140904E-03
  0.15535502806561E-04 -0.28502714378762E-06  0.13203068951900E-02
 -0.84640255479726E-05 -0.24877474651545E-04  0.13207404529800E-02
 -0.28945070933389E-04 -0.12299962390234E-03  0.44487380447690E-03
 -0.25607610595966E-04  0.93283386220150E-04  0.43634524988528E-03
  0.29350320145362E-05 -0.13499094403515E-05  0.13090207952454E-02
  0.66810771226182E-05 -0.58813814899702E-04  0.37057502618271E-03
  0.32385542879510E-04  0.57233789327493E-05  0.13274469528436E-02
  0.25603054003559E-04 -0.91720676599933E-04  0.33532112400289E-03
  0.26239052250110E-04 -0.46488784382129E-05  0.13267612841569E-02
  0.14760279963800E-05 -0.64189497681298E-04  0.23267705097691E-03
  0.12499934271436E-04 -0.19300187280162E-04  0.13276033288134E-02
 -0.30076719831812E-04 -0.43359775325687E-04  0.15087212476113E-03
 -0.12113334854708E-05 -0.35086357329120E-04  0.13290608378705E-02
 -0.55249261253090E-04 -0.53262762707274E-04  0.16872503160237E-03
 -0.14918473395708E-04 -0.45152167049257E-04  0.13306686005572E-02
 -0.64285488039187E-04 -0.41906291315150E-04  0.25453508312190E-03
 -0.15722533906856E-04 -0.42477628006325E-04  0.13286160316069E-02
 -0.54274797119232E-04  0.23620922071028E-04  0.37057502396868E-03
 -0.11236172129129E-04 -0.30908394513543E-04  0.13274469569394E-02
 -0.72410193054708E-06 -0.18957626807729E-04  0.13211069535116E-02
 -0.22964414197030E-04  0.11751668852124E-05 -0.13276033290847E-02
  0.13417201413145E-04 -0.85616052252216E-04  0.33801262784799E-03
  0.32621442299891E-04 -0.55175871645495E-04  0.24564406825284E-03
 -0.78291954641446E-05 -0.14730383814909E-04 -0.13150008487714E-02
 -0.12722693144109E-03 -0.39923994013425E-04 -0.42372777542484E-03
 -0.15722536005875E-04  0.42477626809440E-04 -0.13286160296715E-02
 -0.64285487010425E-04  0.41906294333304E-04 -0.25453508543460E-03
 -0.17145575711976E-04  0.20399245972541E-04 -0.13267612830399E-02
 -0.92233961872335E-04 -0.23687444513310E-04 -0.33532112131445E-03
 -0.16491600384592E-04 -0.17371097805322E-05 -0.13225817027826E-02
 -0.10135627152207E-03 -0.81914939815371E-04 -0.41569717390008E-03
 -0.17312511364674E-04 -0.19768794793453E-04 -0.13207404525322E-02
 -0.11530356786038E-03 -0.68882702186167E-04 -0.43106333250937E-03
 -0.12159838118317E-04  0.48890424860143E-04 -0.13300681097035E-02
 -0.30889939749264E-04  0.59100416679112E-04 -0.23957053737545E-03
 -0.14918471714533E-04  0.45152165210325E-04 -0.13306686015006E-02
 -0.55249261307356E-04  0.53262761800974E-04 -0.16872502910629E-03
 -0.17407625433614E-04  0.27186009187580E-04 -0.13281732588362E-02
 -0.10857549286753E-03 -0.87380038116011E-04 -0.44427010625869E-03
 -0.15198487663164E-04 -0.39997564178691E-04  0.13274228167303E-02
 -0.83637302464744E-05 -0.44148691508240E-05 -0.13153824519272E-02
 -0.80145923574040E-05  0.13311625570802E-04 -0.13203068968312E-02
 -0.17252948679076E-04 -0.49280147013658E-04  0.13351685300946E-02
 -0.52032325212978E-05 -0.85916435800848E-04  0.36190831861423E-03
 -0.32752542878831E-05 -0.44723138417292E-05  0.13100262557013E-02
  0.29038270741444E-04 -0.13014375490135E-03  0.42372777514296E-03
 -0.88422880130333E-05 -0.14145471085708E-04  0.13150008469441E-02
  0.58968336636281E-04 -0.12538327079548E-03  0.42450570679245E-03
 -0.16310994843264E-04 -0.24919973377883E-04  0.13234252498875E-02
  0.86617677106311E-05 -0.28009793832778E-04  0.29812122478345E-03
 -0.28932080452993E-05 -0.11767601743306E-05  0.13066363303498E-02
  0.45007439051655E-04 -0.75298476186113E-04  0.36008420457420E-03
 -0.28932049585689E-05  0.11767584308169E-05 -0.13066363343279E-02
  0.42750076804445E-06 -0.30939700546481E-05 -0.13066363299955E-02
 -0.28588077536040E-04 -0.65035842145510E-05 -0.29812122325376E-03
 -0.22355076197555E-05 -0.50726114276084E-05 -0.13100262556545E-02
 -0.71804198059914E-04 -0.47464352517991E-04 -0.36190831934119E-03
 -0.92048266065384E-04 -0.86566980009929E-04 -0.44487381201177E-03
 -0.17033880106940E-05 -0.16512765605397E-04 -0.13185269997283E-02
 -0.14188366011326E-03  0.83328565741587E-05 -0.43734184191824E-03
  0.99192463464545E-05 -0.16858391411953E-04 -0.13239766777666E-02
 -0.17939211758120E-04  0.28073718200890E-04 -0.11744044381268E-03
 -0.15040538882905E-04  0.16783835657509E-04 -0.13468113986803E-02
  0.18439062143710E-04  0.17211712318304E-04 -0.47350659142938E-04
 -0.95787587425429E-05  0.32992439679716E-04 -0.13459979949612E-02
  0.45781845260581E-04  0.30343231630287E-04 -0.98600551798766E-04
 -0.32742476577354E-05  0.36779388573920E-04 -0.13386875918787E-02
  0.54906449551912E-04  0.20111169533419E-04 -0.22688213950376E-03
 -0.25797928617649E-05  0.30724638601072E-04 -0.13305752911267E-02
  0.22932426471986E-04 -0.36768694629603E-04 -0.36644335878371E-03
 -0.72409365288686E-06  0.18957627482824E-04 -0.13211069518000E-02
 -0.25607614636460E-04 -0.93283390225826E-04 -0.43634525147172E-03
 -0.15132545123234E-05  0.54053531504442E-05 -0.13138587643487E-02
 -0.55731772788131E-04 -0.91974009104462E-04 -0.41073310768247E-03
 -0.25318422813616E-04 -0.17596487757543E-04 -0.13305752915005E-02
  0.20376409630092E-04  0.38244411715091E-04 -0.36644335762567E-03
 -0.22502682157787E-04 -0.38743195245937E-05 -0.13435931418948E-02
 -0.25797122722069E-04 -0.20832288349185E-05 -0.13347479197622E-02
 -0.44870006898538E-04  0.37494796028612E-04 -0.22688213778810E-03
 -0.34795170367134E-04 -0.15051261334426E-04 -0.27376570853178E-03
 -0.96601067933561E-05 -0.60625120990388E-05 -0.13503401354628E-02
 -0.13279313356829E-04  0.39280394997626E-05  0.21719474970674E-04
 -0.42023720299950E-06  0.11397153818217E-04 -0.13503401323739E-02
  0.10041436200056E-04  0.95362027711215E-05  0.21719475621323E-04
  0.78960826384417E-05  0.21425050044499E-04 -0.13435931402634E-02
  0.33282158685417E-04  0.14989598181593E-05 -0.11744044304740E-03
  0.11094427977287E-04  0.23382579226522E-04 -0.13347479166482E-02
  0.50033440671000E-04 -0.55242066831093E-04 -0.32181369688953E-03
  0.96401689946922E-05  0.17019518130894E-04 -0.13239766792934E-02
  0.38865239350352E-04 -0.11312610503657E-03 -0.43928520379228E-03
  0.49180464854413E-05  0.83543819417328E-05 -0.13153049300419E-02
  0.95568131823726E-05 -0.10643540496953E-03 -0.40801360410275E-03
  0.29350306677253E-05  0.13499099718007E-05 -0.13090207921184E-02
 -0.14819909320143E-04 -0.56483570597718E-04 -0.33081543846839E-03
 -0.33395969057748E-04 -0.32482545650474E-04 -0.13325710535894E-02
 -0.30214754636037E-04 -0.21225277867095E-04 -0.13386875926895E-02
 -0.49168934700264E-04  0.24476624777520E-04 -0.98600545745297E-04
  0.22824309517392E-04  0.70951258645272E-04 -0.32181370102901E-03
  0.45812234900641E-04  0.47796081396117E-04 -0.22728678408170E-03
 -0.18830490249573E-04  0.60373005477679E-04 -0.23089973478284E-03
 -0.96941230691937E-05  0.81954254071870E-07 -0.13153049370101E-02
  0.87397350197230E-04  0.61494144799223E-04 -0.40801359360079E-03
 -0.13448778728052E-04  0.97315633647802E-05 -0.13185269966041E-02
  0.78158293263548E-04  0.11870842083173E-03 -0.43734184547137E-03
 -0.16310995325503E-04  0.24919970744799E-04 -0.13234252515934E-02
  0.58968337289640E-04  0.12538326747788E-03 -0.42450571025477E-03
 -0.15198486090931E-04  0.39997568826184E-04 -0.13274228151163E-02
  0.13417201107500E-04  0.85616045005356E-04 -0.33801262608150E-03
 -0.26365715547709E-05  0.18668605415367E-05 -0.13090207927261E-02
  0.56326155905665E-04  0.15407364805241E-04 -0.33081544324363E-03
 -0.68646277989077E-05  0.53144108050393E-05 -0.13108608904321E-02
  0.45007436275327E-04  0.75298476655413E-04 -0.36008420521637E-03
 -0.88422910986166E-05  0.14145475944429E-04 -0.13150008485403E-02
  0.29038270157994E-04  0.13014376032330E-03 -0.42372777228846E-03
 -0.18157309398622E-04  0.54004945289968E-04 -0.13336483584594E-02
 -0.22320057484424E-04  0.17432313975432E-04 -0.13384271361506E-02
  0.32621444685320E-04  0.55175869111058E-04 -0.24564406581414E-03
  0.68398430754311E-04  0.71435847695466E-04 -0.31312889015725E-03
 -0.18035398651530E-04  0.37409477813208E-04 -0.13415613231972E-02
  0.60388734268782E-04  0.36956018433078E-04 -0.17656975330568E-03
 -0.15647501185358E-04  0.49127144530187E-04 -0.13399396974162E-02
  0.46930386877938E-04  0.49240399832913E-04 -0.20585586886075E-03
 -0.11432724826556E-04  0.45163025277077E-04 -0.13325710512011E-02
  0.43628076854509E-05  0.37659137396904E-04 -0.27376570899117E-03
 -0.11236174697923E-04  0.30908389795324E-04 -0.13274469530508E-02
 -0.54274794746679E-04 -0.23620927470092E-04 -0.37057502190383E-03
 -0.16055736115801E-04 -0.10105902443239E-04 -0.13211069521817E-02
  0.93589598180392E-04  0.24464851786581E-04 -0.43634524964604E-03
 -0.19559420790429E-04 -0.16112274878831E-06 -0.13239766805143E-02
  0.78537464202280E-04  0.90221337257679E-04 -0.43928520018553E-03
 -0.21475216446298E-04  0.15559103723872E-04 -0.13283854949121E-02
  0.79144871758295E-04  0.10467194759732E-03 -0.40524157003630E-03
 -0.19691971785368E-04  0.33817261735573E-04 -0.13325976570504E-02
 -0.17252946633386E-04  0.49280147026727E-04 -0.13351685286007E-02
 -0.23782911933507E-04 -0.24791667452907E-04 -0.13459979976272E-02
 -0.66108631617939E-04  0.16022704997758E-04 -0.20585587067668E-03
 -0.34721602098778E-04 -0.38114705903716E-04 -0.13399396977734E-02
  0.14702691245131E-04 -0.21299344915433E-04 -0.13347479177672E-02
 -0.72857752177196E-04 -0.15709194501116E-04 -0.32181369814157E-03
  0.33489010400551E-04 -0.15554110548726E-04 -0.13386875943393E-02
 -0.10036441988455E-04 -0.57605964495638E-04 -0.22688213686247E-03
  0.50369104771388E-04 -0.11012440105430E-04 -0.13399396973623E-02
  0.19178241192995E-04 -0.65263105943146E-04 -0.20585587099565E-03
  0.51304332209977E-04 -0.96985807876206E-05 -0.13351685300294E-02
  0.31472987442367E-04 -0.55838934401652E-04 -0.24564406604511E-03
  0.42238152710847E-04 -0.68365099803323E-05 -0.13274228162503E-02
  0.67437068521641E-04 -0.54427661676980E-04 -0.33801262881531E-03
  0.25776535636660E-04 -0.51086768482657E-05 -0.13207404517438E-02
  0.11730595925847E-03 -0.65414470221894E-04 -0.43106333397799E-03
  0.80052498857775E-05 -0.50357674920546E-05 -0.13153824540006E-02
  0.12996106842675E-03 -0.50339114817500E-04 -0.44427010604061E-03
 -0.39245433270853E-05 -0.40131909947104E-05 -0.13138587617749E-02
 -0.13022099689668E-03  0.16205494045107E-04 -0.40524157124086E-03
  0.10751771440866E-03 -0.22781261171165E-05 -0.41073311929825E-03
 -0.27369716781099E-05 -0.26377635801068E-04 -0.13283854958648E-02
 -0.13425834120255E-04 -0.26585721597961E-04 -0.13234252501593E-02
 -0.11740270372951E-03  0.22904770302363E-04 -0.43928520719844E-03
  0.27898216642760E-04 -0.13128152022343E-04 -0.13305752905735E-02
 -0.43308834524481E-04 -0.14757130908697E-05 -0.36644335839483E-03
  0.44828692536009E-04 -0.12680477944193E-04 -0.13325710516112E-02
  0.30432360181311E-04 -0.22607865295555E-04 -0.27376570845361E-03
  0.55848307374100E-04 -0.11277781761801E-04 -0.13336483573104E-02
  0.61699803901801E-04 -0.13878819517106E-04 -0.23089973135889E-03
  0.48420264310370E-04 -0.13914486736036E-04 -0.13300681088520E-02
  0.66627435609171E-04 -0.27987333979630E-05 -0.23957054535277E-03
  0.31259909167612E-04 -0.12949964049737E-04 -0.13258265036283E-02
  0.88647701027990E-04 -0.15584285266581E-04 -0.31819155707364E-03
  0.97501816534019E-05 -0.13413594282398E-04 -0.13225816999105E-02
  0.12161855253795E-03 -0.46819636896538E-04 -0.41569717665892E-03
 -0.75209077049906E-05 -0.13596654421677E-04 -0.13203068940165E-02
  0.12099333959846E-03 -0.36432638740156E-04 -0.44487380502087E-03
 -0.13806926503129E-03 -0.11623559416902E-04 -0.42450570996302E-03
 -0.19440620335039E-04 -0.33962381607682E-04 -0.13325976572061E-02
 -0.96064474498684E-04  0.23516856155146E-04 -0.31312889099001E-03
 -0.39367953482420E-05 -0.28045891949348E-04 -0.13384271377835E-02
 -0.24125308464440E-04  0.73628373722718E-05 -0.47350653783684E-04
  0.10080341974337E-04 -0.53346431049011E-05 -0.13503401315747E-02
  0.32378750904499E-05 -0.13464240067166E-04  0.21719477639207E-04
  0.22055500887825E-04  0.46335718018107E-05 -0.13468113986583E-02
  0.56862487662414E-05 -0.24574554886978E-04 -0.47350660209766E-04
  0.26256852868587E-04  0.10613580873897E-04 -0.13384271368018E-02
  0.18486502617810E-04 -0.63572603011152E-04 -0.22728678107439E-03
  0.24212187836180E-04  0.10818530973311E-04 -0.13283854976326E-02
  0.51076129474350E-04 -0.12087743826302E-03 -0.40524157520193E-03
  0.15152168753483E-04  0.67812046603914E-05 -0.13185269979039E-02
  0.63725361527136E-04 -0.12704127258488E-03 -0.43734184874620E-03
  0.80347265730445E-05  0.32877334034205E-05 -0.13108608902318E-02
  0.42706679695501E-04 -0.76626827699993E-04 -0.36008421145564E-03
  0.24657050178875E-05  0.19172116390452E-05 -0.13066363330832E-02
  0.19926316721266E-04 -0.21506207708330E-04 -0.29812122494742E-03
 -0.70149587502443E-05 -0.21417407537006E-04 -0.13468114006033E-02
 -0.62199215574504E-04  0.33820168889176E-04 -0.17656974787407E-03
 -0.23379860261934E-04 -0.34323853171180E-04 -0.13415613245245E-02
 -0.64094425817626E-04  0.66306442807781E-06 -0.24564406383077E-03
 -0.64298737890470E-04  0.15776516105308E-04 -0.22728677871429E-03
  0.14606595780896E-04 -0.17550737034143E-04 -0.13435931407761E-02
 -0.15342944395832E-04 -0.29572673350773E-04 -0.11744044368921E-03
  0.33361669633554E-04 -0.82007681853899E-05 -0.13459979993418E-02
  0.33870894549573E-05 -0.54819860055033E-04 -0.98600553449023E-04
  0.41415258793895E-04 -0.30856255557885E-05 -0.13415613244562E-02
  0.18104823249359E-05 -0.70776184542590E-04 -0.17656974855100E-03
 -0.14819912780537E-04  0.56483571267185E-04  0.33081545326741E-03
  0.39132596860905E-04  0.14511778450575E-06 -0.13325976534326E-02
  0.29736828535544E-04  0.16657506709802E-05 -0.13234252503519E-02
  0.79100930613142E-04 -0.11375970393016E-03 -0.42450570645650E-03
  0.16671479565120E-04  0.58491023038077E-06 -0.13150008437662E-02
  0.98188662894539E-04 -0.90219756604028E-04 -0.42372777383584E-03
  0.55107599986499E-05  0.60029872267655E-06 -0.13100262578455E-02
  0.77007437955628E-04 -0.38452088308425E-04 -0.36190831713264E-03
 -0.34051385561895E-04 -0.39581562676716E-04 -0.13351685293303E-02
  0.27666042799084E-04 -0.94952706559716E-04 -0.31312889349746E-03
 -0.15132539038904E-05 -0.54053495194241E-05  0.13138587636166E-02
  0.86617658945993E-05  0.28009794751694E-04 -0.29812122443969E-03
 -0.62199215275927E-04 -0.33820168820116E-04  0.17656974868189E-03
 -0.15040537905034E-04 -0.16783838225233E-04  0.13468113982458E-02
  0.16779833530945E-04  0.88517283899815E-05  0.13211069533879E-02
 -0.67981979137248E-04 -0.68818540015112E-04  0.43634525000842E-03
  0.10041436851882E-04 -0.95362019948783E-05 -0.21719483926471E-04
  0.99192496804732E-05  0.16858390230458E-04  0.13239766806242E-02
 -0.11740270753055E-03 -0.22904768112115E-04  0.43928519907728E-03
 -0.42023634269677E-06 -0.11397152477615E-04  0.13503401316643E-02
 -0.27369710004874E-05  0.26377633826349E-04  0.13283854969427E-02
 -0.13022099709898E-03 -0.16205491392479E-04  0.40524157079643E-03
  0.56862518629960E-05  0.24574549097872E-04  0.47350650807746E-04
 -0.19440623418471E-04  0.33962380112652E-04  0.13325976577421E-02
 -0.96064475590315E-04 -0.23516852694054E-04  0.31312889143172E-03
  0.18439057857322E-04 -0.17211709016956E-04  0.47350648620325E-04
  0.22055500118615E-04 -0.46335707645625E-05  0.13468113997807E-02
 -0.64094427984857E-04 -0.66306434817905E-06  0.24564406602313E-03
  0.18104803354573E-05  0.70776185114848E-04  0.17656974656575E-03
 -0.37690997316984E-04  0.42727162507399E-04  0.13336483591439E-02
 -0.42869310276183E-04  0.46494185414674E-04  0.23089973274516E-03
  0.41415257731631E-04  0.30856250335255E-05  0.13415613250156E-02
 -0.28925438173402E-04  0.34854927982104E-04  0.13286160300937E-02
 -0.41491684588824E-05  0.76626012529556E-04  0.25453508199166E-03
  0.31472985582046E-04  0.55838937484263E-04  0.24564406885228E-03
  0.51304333571798E-04  0.96985874002279E-05  0.13351685275760E-02
 -0.90934795931321E-05  0.25048124465898E-04  0.13267612847368E-02
  0.66630907212340E-04  0.68033235611341E-04  0.33532112130983E-03
  0.97501843847151E-05  0.13413593283462E-04  0.13225817004564E-02
 -0.34051380994228E-04  0.39581563309109E-04  0.13351685303554E-02
  0.56326160995649E-04 -0.15407365212160E-04  0.33081545118328E-03
  0.67437072135739E-04  0.54427661643036E-04  0.33801262476100E-03
  0.88647697899450E-04  0.15584281941109E-04  0.31819155471836E-03
  0.18486500667745E-04  0.63572603439000E-04  0.22728678250142E-03
 -0.96954167180565E-04 -0.44941259032464E-04  0.40801358972288E-03
  0.26256857553577E-04 -0.10613583441035E-04  0.13384271363245E-02
 -0.17033882625497E-05  0.16512764172858E-04  0.13185269948642E-02
 -0.14188365144790E-03 -0.83328533136540E-05  0.43734185907685E-03
 -0.13425831875941E-04  0.26585722630805E-04  0.13234252508429E-02
  0.27666041754919E-04  0.94952703749790E-04  0.31312889156954E-03
 -0.13806926536460E-03  0.11623559439759E-04  0.42450570707601E-03
  0.39132595878867E-04 -0.14511538957833E-06  0.13325976523897E-02
 -0.27039664853473E-04  0.33161059138312E-04  0.13274228156951E-02
 -0.80854268636526E-04  0.31188386268293E-04  0.33801262919136E-03
  0.78158286923899E-04 -0.11870842388588E-03  0.43734184743105E-03
  0.42238150048851E-04  0.68365083818595E-05  0.13274228165086E-02
 -0.36260430358823E-04  0.34975936390028E-04  0.13300681101680E-02
 -0.13448781989607E-04 -0.97315622602714E-05  0.13185270007022E-02
  0.93589598890321E-04 -0.24464851051485E-04  0.43634525558800E-03
 -0.18502275653363E-04  0.74478648330783E-04  0.16872503430293E-03
  0.79144867187475E-04 -0.10467194375294E-03  0.40524157018262E-03
 -0.14839960785246E-04  0.28668451297778E-04  0.13281732604390E-02
 -0.21475213421159E-04 -0.15559103176600E-04  0.13283854973112E-02
  0.40623730784976E-05  0.67708784604733E-04  0.15527632781755E-03
  0.10464488139526E-04  0.20475353333032E-04  0.13276033278311E-02
  0.54851723748995E-04  0.33373028562991E-04  0.23267704873730E-03
  0.45812236360102E-04 -0.47796076996265E-04  0.22728677581629E-03
  0.31259905336645E-04  0.12949962483625E-04  0.13258265042737E-02
 -0.22320062640805E-04 -0.17432313393797E-04  0.13384271375618E-02
 -0.35737493524104E-04  0.56301681162323E-04  0.23957054214580E-03
  0.47760896112019E-05  0.84363427621265E-05  0.13153049370411E-02
  0.12161855400470E-03  0.46819636821194E-04  0.41569717270252E-03
  0.25776534134984E-04  0.51086756874205E-05  0.13207404528650E-02
  0.16671483391595E-04 -0.58490747574312E-06  0.13150008456155E-02
  0.98188662914513E-04  0.90219754106338E-04  0.42372777208265E-03
  0.10080341296849E-04  0.53346416093413E-05  0.13503401330001E-02
  0.44828691334370E-04  0.12680484470651E-04  0.13325710503705E-02
  0.30432364581073E-04  0.22607868298459E-04  0.27376571072586E-03
  0.33870925230995E-05  0.54819858204893E-04  0.98600546371083E-04
  0.33489010174133E-04  0.15554109904460E-04  0.13386875929793E-02
 -0.10036440538984E-04  0.57605965547526E-04  0.22688213678995E-03
  0.33361668686521E-04  0.82007688599495E-05  0.13459979950063E-02
  0.14606597299893E-04  0.17550734866048E-04  0.13435931424558E-02
 -0.15342946444081E-04  0.29572675259280E-04  0.11744044158826E-03
  0.19178242284498E-04  0.65263105299256E-04  0.20585586762018E-03
  0.32378743851089E-05  0.13464239553553E-04 -0.21719483910671E-04
 -0.70149593275463E-05  0.21417411268054E-04  0.13468114010237E-02
  0.50369107036457E-04  0.11012438091259E-04  0.13399396982976E-02
 -0.23782911259231E-04  0.24791668537247E-04  0.13459979974216E-02
 -0.49168935456367E-04 -0.24476626183153E-04  0.98600548351921E-04
  0.77007431247756E-04  0.38452087944503E-04  0.36190831185329E-03
  0.55107679441768E-05 -0.60029541751612E-06  0.13100262569005E-02
 -0.30214759938340E-04  0.21225277735304E-04  0.13386875924802E-02
 -0.44870005224691E-04 -0.37494793837685E-04  0.22688213580140E-03
 -0.25318423997933E-04  0.17596484750231E-04  0.13305752922826E-02
  0.10751771489569E-03  0.22781220539868E-05  0.41073310649649E-03
  0.20376406512217E-04 -0.38244411847232E-04  0.36644335795994E-03
 -0.39245455530961E-05  0.40131946635852E-05  0.13138587679484E-02
 -0.16055738910271E-04  0.10105899096942E-04  0.13211069545243E-02
 -0.24125308055883E-04 -0.73628365891182E-05  0.47350653536418E-04
 -0.26365703131829E-05 -0.18668600348126E-05  0.13090207932007E-02
  0.12996107293709E-03  0.50339117890693E-04  0.44427010876634E-03
 -0.96601081945312E-05  0.60625103944395E-05  0.13503401340593E-02
  0.11730595523653E-03  0.65414471709388E-04  0.43106333314849E-03
  0.27898215135940E-04  0.13128155611380E-04  0.13305752915715E-02
  0.87397349898568E-04 -0.61494141741076E-04  0.40801359010573E-03
 -0.43308831035523E-04  0.14757160311908E-05  0.36644335962253E-03
 -0.96941239484020E-05 -0.81959154571051E-07  0.13153049313063E-02
  0.14702689884798E-04  0.21299346990053E-04  0.13347479180087E-02
 -0.72857754421186E-04  0.15709193632386E-04  0.32181370295964E-03
  0.78537459067386E-04 -0.90221339235347E-04  0.43928520047358E-03
 -0.39367977392402E-05  0.28045895282396E-04  0.13384271368433E-02
 -0.64298739035453E-04 -0.15776519928515E-04  0.22728678538894E-03
 -0.19559424889883E-04  0.16112419241528E-06  0.13239766789761E-02
 -0.23379858319429E-04  0.34323852309046E-04  0.13415613246748E-02
  0.80052468273555E-05  0.50357631013284E-05  0.13153824505897E-02
 -0.55731770489344E-04  0.91974008874349E-04  0.41073310776528E-03
 -0.34721603377818E-04  0.38114704901984E-04  0.13399396990589E-02
 -0.25797121784065E-04  0.20832282563730E-05  0.13347479178556E-02
 -0.66108630643324E-04 -0.16022707008892E-04  0.20585586767281E-03
 -0.33395962565919E-04  0.32482548833983E-04  0.13325710516559E-02
 -0.34795169086934E-04  0.15051263343701E-04  0.27376571024766E-03
 -0.17939216452899E-04 -0.28073718531300E-04  0.11744044409252E-03
 -0.21149361443265E-04  0.25185011253487E-04  0.13274469535380E-02
 -0.22502681000876E-04  0.38743185800285E-05  0.13435931451141E-02
  0.47593717898512E-04  0.35192884048780E-04  0.37057501926105E-03
 -0.75209120323817E-05  0.13596652776437E-04  0.13203068963016E-02
  0.12099333886943E-03  0.36432641001108E-04  0.44487380441475E-03
 -0.13279311856068E-04 -0.39280400032193E-05 -0.21719479948171E-04
  0.22824313736699E-04 -0.70951261574835E-04  0.32181370297044E-03
  0.66627431288441E-04  0.27987375803893E-05  0.23957054122466E-03
 -0.31643686090233E-04  0.35495858657345E-04  0.13306686015289E-02
  0.78960799214426E-05 -0.21425052175690E-04  0.13435931390608E-02
  0.63725363728790E-04  0.12704127321957E-03  0.43734184815745E-03
 -0.10857548835128E-03  0.87380028643415E-04  0.44427010620048E-03
  0.15152172315354E-04 -0.67812052615800E-05  0.13185270000601E-02
 -0.16491602999491E-04  0.17371065886693E-05  0.13225816997515E-02
 -0.10135626939137E-03  0.81914941536686E-04  0.41569717469465E-03
 -0.22964416315839E-04 -0.11751659369374E-05  0.13276033299042E-02
  0.46930383610259E-04 -0.49240398169921E-04  0.20585586402113E-03
 -0.56327755139838E-04  0.30816471663921E-04  0.23267704522065E-03
 -0.15647500566514E-04 -0.49127144891637E-04  0.13399396984313E-02
 -0.17835113204208E-04 -0.38964392178926E-05  0.13281955503427E-02
 -0.22388310289983E-04 -0.39396985469067E-05  0.40344435617608E-04
 -0.83637292766121E-05  0.44148714350966E-05  0.13153824577244E-02
  0.48420264496143E-04  0.13914484228181E-04  0.13300681086931E-02
 -0.49483441395721E-12  0.79308713663631E-12 -0.33038111333436E-04
 -0.32742501123153E-05 -0.36779388874029E-04  0.13386875934620E-02
  0.24151285190467E-04  0.56720948236363E-05  0.13292598325156E-02
  0.35665138427756E-04 -0.58748974279657E-05  0.37522177957847E-04
  0.50033435956126E-04  0.55242059624657E-04  0.32181370174422E-03
  0.46562157759026E-04  0.96563123091726E-05  0.13306686039849E-02
  0.11094431102941E-04 -0.23382579318791E-04  0.13347479197799E-02
  0.73751540419607E-04 -0.21215880581629E-04  0.16872503389215E-03
  0.55848309661582E-04  0.11277783412328E-04  0.13336483580215E-02
  0.61699799516953E-04  0.13878818565115E-04  0.23089972790111E-03
  0.51076130545514E-04  0.12087744241080E-03  0.40524157144414E-03
 -0.27806466890564E-12 -0.31162502787839E-12  0.13277043277298E-02
 -0.71804203046219E-04  0.47464353804536E-04  0.36190830273455E-03
 -0.22355058584969E-05  0.50726080922796E-05  0.13100262620041E-02
  0.96401726152824E-05 -0.17019518113640E-04  0.13239766791995E-02
 -0.80145928964741E-05 -0.13311628668715E-04  0.13203068939635E-02
 -0.92048263779887E-04  0.86566986646214E-04  0.44487380647718E-03
  0.19926314445804E-04  0.21506203956408E-04  0.29812122090374E-03
  0.24657032489318E-05 -0.19172092860932E-05  0.13066363315153E-02
 -0.17145570279944E-04 -0.20399243570703E-04  0.13267612852765E-02
 -0.92233958230300E-04  0.23687443296766E-04  0.33532111935377E-03
  0.95568185105083E-05  0.10643540311646E-03  0.40801359276173E-03
 -0.17407628473227E-04 -0.27186006887490E-04  0.13281732599334E-02
 -0.60668712133208E-04 -0.30336279472196E-04  0.15527632075819E-03
  0.49180412113327E-05 -0.83543835577481E-05  0.13153049388866E-02
 -0.71634620496820E-05 -0.23751673982134E-04  0.13292598330803E-02
 -0.22920376714633E-04 -0.27949471508504E-04  0.37522170711336E-04
  0.42706679159736E-04  0.76626821883686E-04  0.36008421200042E-03
  0.12291971316069E-04 -0.13497435429609E-04  0.13281955471151E-02
  0.14606034551322E-04 -0.17418998190254E-04  0.40344433738875E-04
  0.80347280039452E-05 -0.32877318217410E-05  0.13108608912397E-02
  0.32247587935635E-04 -0.14824439729876E-05  0.13281732576414E-02
  0.56606343188726E-04 -0.37372511336209E-04  0.15527632494936E-03
  0.22932426840597E-04  0.36768696943230E-04  0.36644335566264E-03
  0.44647971076201E-04  0.76227002295734E-05  0.13286160314617E-02
  0.68434657441320E-04 -0.34719716539626E-04  0.25453507968652E-03
 -0.25797926878188E-05 -0.30724638587935E-04  0.13305752923212E-02
  0.42750311789479E-06  0.30939721466742E-05  0.13066363317878E-02
 -0.28588080902446E-04  0.65035882292788E-05  0.29812122317647E-03
  0.38865237377437E-04  0.11312611282107E-03  0.43928520072248E-03
 -0.29846031390502E-06  0.32167676075891E-05  0.13090207960836E-02
  0.24212187564283E-04 -0.10818527704638E-04  0.13283854970848E-02
  0.54906449025253E-04 -0.20111168030015E-04  0.22688213562125E-03
  0.68398431343700E-04 -0.71435845808285E-04  0.31312888904926E-03
 -0.12722693570964E-03  0.39923995568506E-04  0.42372777306895E-03
  0.77822736483181E-05  0.21358693969903E-04  0.40344430715165E-04
 -0.17312509448517E-04  0.19768795422755E-04  0.13207404524567E-02
  0.55431405330714E-05  0.17393878198508E-04  0.13281955484803E-02
  0.45781842487561E-04 -0.30343236697320E-04  0.98600546160246E-04
 -0.11530356704552E-03  0.68882701984158E-04  0.43106332991086E-03
 -0.19691973512158E-04 -0.33817261873504E-04  0.13325976531641E-02
 -0.12744759464003E-04  0.33824366300688E-04  0.37522175643518E-04
 -0.26844953261195E-04  0.20596891054730E-04  0.13258265040805E-02
 -0.57820240447586E-04  0.68979017419967E-04  0.31819155386379E-03
 -0.16987819050024E-04  0.18079579428569E-04  0.13292598297578E-02
 -0.41506250904525E-04 -0.41076204713385E-04  0.33081543032761E-03
 -0.18035398641165E-04 -0.37409478412670E-04  0.13415613234321E-02
  0.60388734520992E-04 -0.36956016190822E-04  0.17656975035838E-03
 -0.29780008347026E-04  0.18592224026711E-04  0.13290608368195E-02
 -0.95787574132629E-05 -0.32992437962199E-04  0.13459979965984E-02
 -0.78291986509104E-05  0.14730383814887E-04  0.13150008487324E-02
 -0.22512306878796E-04  0.47727089568329E-04  0.15087212499626E-03
  0.30991342133892E-04  0.16494127935024E-04  0.13290608353510E-02
  0.29736827103644E-04 -0.16657515953991E-05  0.13234252513471E-02
  0.79100930437395E-04  0.11375971098733E-03  0.42450570511889E-03
  0.52589022506165E-04 -0.43673138568676E-05  0.15087212491995E-03
 -0.87714116739714E-04 -0.13283397780868E-05  0.36008422295635E-03
  0.33282161714177E-04 -0.14989602004917E-05  0.11744044127726E-03
 -0.11701013316911E-05  0.86021456014302E-05  0.13108608888036E-02
 -0.26307388893989E-04  0.62948004625102E-04  0.14379276699670E-02
 -0.74270704468956E-05  0.60681347292532E-04  0.13565012765512E-02
  0.91452053478073E-06  0.94341935563613E-04  0.14595963958313E-02
  0.23718932359586E-04  0.36293826177516E-04  0.12951130405861E-02
 -0.28411047503724E-04  0.18732362658787E-05  0.14935755346592E-02
  0.36350403854362E-04 -0.56449418359374E-04 -0.13670592096951E-02
  0.35506062441503E-05  0.55665747780219E-04 -0.14618850097925E-02
  0.67668256472127E-04  0.86911345604111E-05 -0.14379276656437E-02
  0.15827792929519E-04 -0.23668074405997E-04 -0.14935755319276E-02
 -0.52053359444655E-04  0.30556741267099E-04  0.14005368207715E-02
 -0.18750951461854E-04  0.32812290177279E-04  0.12956328785614E-02
 -0.10200504550125E-03  0.35866612536861E-04 -0.14507761183628E-02
 -0.18750954111006E-04 -0.32812291488536E-04 -0.12956328754254E-02
  0.82762063521808E-05 -0.62467419201972E-05 -0.12022128756859E-02
 -0.40601985462213E-04  0.37490163198791E-04 -0.14818317178553E-02
  0.41879717851872E-04  0.68252129980935E-04 -0.14316783267194E-02
  0.14798154809571E-04  0.38461094488180E-05  0.12361442210159E-02
 -0.91222619638238E-04  0.20213429863591E-04 -0.14123599273805E-02
 -0.74389930622407E-04 -0.19526840340644E-04  0.14733416753866E-02
 -0.10200982539286E-05  0.39134872128343E-05  0.12020877349150E-02
  0.21206129673263E-04 -0.14370431460552E-04 -0.12519030601750E-02
 -0.67061831352488E-04  0.32556627393527E-05  0.13670592092424E-02
 -0.30613885351642E-04  0.35096682012132E-05 -0.12939824935092E-02
 -0.26307390663292E-04 -0.62948003788017E-04 -0.14379276687701E-02
 -0.95479417598045E-05  0.40440307367705E-05  0.12022128734385E-02
 -0.10200504976843E-03 -0.35866614428567E-04  0.14507761203837E-02
 -0.10729903093783E-04  0.10892528537861E-04  0.12361442175883E-02
  0.28105967706787E-04 -0.89107825031442E-04 -0.14123599264835E-02
 -0.11259665093751E-05 -0.75662857261956E-06 -0.12509677657118E-02
 -0.26015543963489E-04 -0.52970888908176E-04 -0.13698253331887E-02
  0.14798153823911E-04 -0.38461009290035E-05 -0.12361442187607E-02
  0.78534213957721E-04  0.36735195938859E-04 -0.14171258655971E-02
  0.23718925579809E-04 -0.36293826830743E-04 -0.12951130392712E-02
 -0.10729897607251E-04 -0.10892526602310E-04 -0.12361442163239E-02
  0.63116654961690E-04  0.68894391864793E-04 -0.14123599278704E-02
 -0.12166438159966E-04 -0.53907435011411E-04 -0.14818317195351E-02
 -0.63856033417802E-04  0.10172021611617E-04 -0.13544260531454E-02
  0.15827793679652E-04  0.23668072088704E-04  0.14935755361581E-02
 -0.40306705788719E-04 -0.21820740321909E-04 -0.13228068126075E-02
 -0.80047936428617E-04  0.21428343582822E-05 -0.14316783260742E-02
  0.36350400774486E-04  0.56449418625667E-04  0.13670592088155E-02
  0.52489592465641E-04 -0.29801159319623E-04 -0.14005368230385E-02
  0.82762085711647E-05  0.62467444890835E-05  0.12022128724446E-02
  0.54105701065585E-04  0.54660151846265E-04 -0.14733416773913E-02
 -0.95479434459908E-05 -0.40440314660442E-05 -0.12022128771793E-02
 -0.26015542077466E-04  0.52970888588090E-04  0.13698253322069E-02
  0.91451852652170E-06 -0.94341936344634E-04 -0.14595963937414E-02
  0.12583258863762E-04  0.25541304672108E-04 -0.14935755290493E-02
  0.58881912236188E-04  0.39553249751940E-05 -0.13698253337052E-02
 -0.91222624324335E-04 -0.20213431123060E-04  0.14123599274449E-02
 -0.23048226808484E-04 -0.11179825659458E-04 -0.12519030521702E-02
 -0.28411048705756E-04 -0.18732307621407E-05 -0.14935755307273E-02
  0.56265124983883E-04  0.23908641079557E-04 -0.13565012773521E-02
 -0.80047934799890E-04 -0.21428313411757E-05  0.14316783278000E-02
 -0.40306706270148E-04  0.21820746116895E-04  0.13228068125597E-02
 -0.49983255185993E-04 -0.24757959344142E-04 -0.14618850059095E-02
 -0.12166438024670E-04  0.53907436959693E-04  0.14818317193629E-02
 -0.74534920870558E-05 -0.86380227574763E-04 -0.14171258654032E-02
 -0.74270681154938E-05 -0.60681339389871E-04 -0.13565012793030E-02
 -0.52053357382646E-04 -0.30556739299236E-04 -0.14005368241246E-02
 -0.43290836519296E-04  0.23942795219376E-05  0.12951130449643E-02
 -0.49983255065946E-04  0.24757956698767E-04  0.14618850104164E-02
  0.20284228578014E-04  0.74186990202353E-04  0.14733416722738E-02
  0.28105969100873E-04  0.89107827488781E-04  0.14123599250701E-02
  0.82063921921401E-04  0.70405651073849E-04 -0.14507761191872E-02
 -0.74534932949827E-05  0.86380221261915E-04  0.14171258621742E-02
 -0.74389932071051E-04  0.19526835430054E-04 -0.14733416761689E-02
  0.52768427822838E-04  0.16417274066431E-04 -0.14818317206704E-02
  0.46432650360729E-04  0.30907786646538E-04  0.14618850095557E-02
  0.37791743429337E-04  0.16734576673849E-06 -0.12956328813105E-02
 -0.23048224331111E-04  0.11179821379379E-04  0.12519030550549E-02
  0.46432641335034E-04 -0.30907787058012E-04 -0.14618850088945E-02
 -0.67061830805959E-04 -0.32556622100120E-05 -0.13670592067782E-02
  0.19941126262649E-04  0.10627226957926E-03  0.14507761204600E-02
  0.99643960695945E-05 -0.11164376084184E-03 -0.14467338732898E-02
  0.52489591346617E-04  0.29801154770143E-04  0.14005368248095E-02
  0.39050666772171E-04 -0.23996259780341E-04 -0.13228068135583E-02
  0.81245252280824E-04  0.47962963906624E-04 -0.14595963927791E-02
  0.38168225615128E-04  0.70394964776684E-04  0.14316783274109E-02
  0.99643931036933E-05  0.11164375866803E-03  0.14467338749405E-02
  0.39050669349918E-04  0.23996260313774E-04  0.13228068107250E-02
  0.19941125981799E-04 -0.10627226699398E-03 -0.14507761186495E-02
 -0.18256225327549E-04 -0.37704661000806E-05 -0.12356544420472E-02
  0.20284225749765E-04 -0.74186989113849E-04 -0.14733416733305E-02
  0.91704139919275E-04  0.64451299692964E-04 -0.14467338717898E-02
  0.38168221351381E-04 -0.70394964015449E-04 -0.14316783256726E-02
 -0.10200948314062E-05 -0.39134914405119E-05 -0.12020877359200E-02
  0.21206121510483E-04  0.14370434740908E-04  0.12519030583348E-02
 -0.43290838098512E-04 -0.23942829150805E-05 -0.12951130398088E-02
  0.37791755919620E-04 -0.16734498246273E-06  0.12956328772264E-02
 -0.92276751298420E-07 -0.13534279766990E-05  0.12509677710403E-02
 -0.41360873252181E-04  0.54256865244952E-04 -0.14379276677438E-02
  0.15800737614959E-04 -0.10914340067086E-03 -0.14455699570820E-02
  0.18346405192631E-04  0.24757572782110E-04 -0.12939824926756E-02
  0.60188384794669E-04 -0.53198720400703E-04  0.14150619785146E-02
  0.10853572379635E-04 -0.51371543262972E-05 -0.13207803862243E-02
  0.40737241982276E-04 -0.50214937931088E-04  0.13544260532595E-02
  0.59975165801075E-05 -0.44524843392669E-04 -0.13678684760066E-02
  0.50973259510137E-05 -0.84431470713353E-04 -0.14157400411013E-02
  0.67483344691586E-04 -0.47255995178416E-04  0.14615796558327E-02
  0.19571916374951E-04 -0.38688102931882E-04  0.12951130423749E-02
  0.18420940838060E-05 -0.25550263461693E-04  0.12519030504239E-02
 -0.92272340172723E-07  0.13534339014569E-05 -0.12509677668658E-02
 -0.57289794372642E-05 -0.27526933512129E-04 -0.12947553267573E-02
 -0.40682630593272E-05 -0.14738625271105E-04  0.12361442237285E-02
 -0.28791279899755E-05  0.28401758893298E-05 -0.12020877330232E-02
 -0.10242132590269E-03 -0.40887861923897E-04  0.14455699579569E-02
 -0.23499697317620E-11  0.10272458946792E-11 -0.11834495296503E-02
  0.58627901196284E-05  0.17695584407872E-04 -0.12356544386922E-02
  0.13023571019520E-04 -0.96767372726446E-04 -0.14548327056965E-02
  0.46115666898571E-04 -0.41277793147650E-04  0.14806853686808E-02
  0.15215410323738E-04 -0.56667586475079E-04 -0.14359297864429E-02
  0.63116653130868E-04 -0.68894394448659E-04  0.14123599265522E-02
  0.60188381883628E-04  0.53198720673486E-04 -0.14150619776772E-02
  0.42802106529427E-04  0.20971526322172E-04 -0.14386478392313E-02
  0.30711437761494E-04 -0.59705078823726E-04  0.13670592078972E-02
  0.24854581187711E-04 -0.19279162807578E-04 -0.14682897495814E-02
  0.12560341463393E-05 -0.45817002091602E-04  0.13228068088549E-02
  0.12689780982182E-04 -0.60576234567382E-04 -0.14806853710936E-02
  0.71832219661221E-05 -0.82070289139721E-04 -0.14615796594403E-02
 -0.19040804242891E-04 -0.32644945056624E-04  0.12956328844643E-02
  0.15977252070239E-04 -0.78724026204780E-04 -0.14150619805284E-02
 -0.76165633462735E-04 -0.25525307862126E-04  0.14150619789888E-02
  0.23118792499382E-04 -0.60386953160136E-04 -0.13544260552160E-02
  0.40737242046562E-04  0.50214936589286E-04 -0.13544260538690E-02
 -0.39562926429503E-04 -0.26581953400933E-04  0.14386478420607E-02
  0.33755600062212E-04  0.25229759745847E-04 -0.13667210501290E-02
  0.42689512805691E-05 -0.31164280053795E-04  0.14682897436819E-02
  0.23160922054601E-04 -0.13352228999245E-04 -0.13999942179857E-02
  0.12393428813719E-04  0.13925122158969E-04  0.12356544408091E-02
  0.12393431964004E-04 -0.13925124320483E-04 -0.12356544404519E-02
 -0.74666565154501E-04 -0.34814295963902E-04  0.14615796578665E-02
 -0.32108722013529E-04 -0.23343563463268E-04  0.14903327519028E-02
 -0.41558410725786E-04 -0.17068421204455E-04  0.13678684762229E-02
 -0.58805450772517E-04 -0.19298443886257E-04  0.14806853671186E-02
 -0.57289863326750E-05  0.27526929404474E-04  0.12947553242075E-02
 -0.20157413692810E-04  0.43682168610386E-06  0.15070616464950E-02
  0.59975181754664E-05  0.44524844237296E-04  0.13678684773491E-02
  0.15215409388945E-04  0.56667584576614E-04  0.14359297849172E-02
  0.10457004250658E-04  0.17238419413283E-04  0.15070616455844E-02
 -0.23143829098159E-04  0.13381834564030E-04  0.13999942186175E-02
  0.12689782325649E-04  0.60576237233573E-04  0.14806853703556E-02
 -0.41617584353166E-05  0.39478754346563E-04  0.14903327564663E-02
 -0.29123537428058E-04  0.11885117167062E-04  0.14682897454292E-02
  0.23160925129678E-04  0.13352233834447E-04  0.13999942196433E-02
 -0.56683275215852E-04 -0.15156861450435E-04  0.14359297891842E-02
  0.10853577667995E-04  0.51371560161843E-05  0.13207803834490E-02
 -0.75668456116032E-04 -0.37801323885446E-04  0.14157400393600E-02
 -0.28791294512816E-05 -0.28401800958297E-05  0.12020877369800E-02
  0.24854583696257E-04  0.19279163386332E-04  0.14682897435523E-02
 -0.90314790964669E-04 -0.37104948676341E-04  0.14548327071571E-02
 -0.32391837717778E-05  0.47553478604879E-04  0.14386478412117E-02
  0.12717471551845E-05 -0.10290774671823E-04  0.12022128663411E-02
  0.23118786494864E-04  0.60386959500838E-04  0.13544260522436E-02
  0.12267482642598E-04  0.28267238591596E-04  0.12939824898461E-02
  0.97004078636590E-05 -0.17675243116896E-04  0.15070616492274E-02
  0.12182442630590E-05  0.59680087211872E-06  0.12509677612231E-02
  0.36270482043886E-04 -0.16135184214435E-04  0.14903327544396E-02
  0.15800737695258E-04  0.10914339831532E-03  0.14455699573842E-02
  0.15977253236227E-04  0.78724028920658E-04  0.14150619806720E-02
  0.42802112871291E-04 -0.20971522290514E-04  0.14386478429326E-02
  0.49718073634298E-05  0.41848083951932E-04  0.13667210506283E-02
  0.33755600855205E-04 -0.25229761106861E-04  0.13667210513610E-02
 -0.98756905063038E-05  0.68308908403780E-05  0.13207803831561E-02
 -0.20974521844623E-04 -0.18724905830085E-04  0.12947553270591E-02
  0.18346402572239E-04 -0.24757575390554E-04  0.12939824881971E-02
  0.50973270658096E-05  0.84431470264952E-04  0.14157400415722E-02
  0.58627958037222E-05 -0.17695592145983E-04  0.12356544442957E-02
  0.13023573745496E-04  0.96767373249829E-04  0.14548327092962E-02
  0.71832160425425E-05  0.82070292244332E-04  0.14615796579975E-02
  0.38992259638464E-05 -0.10733122977468E-05  0.12020877307600E-02
 -0.82159776531107E-04  0.46378974040745E-04 -0.14595963960119E-02
  0.86620589087504E-04 -0.68255537077458E-04  0.14455699555706E-02
  0.49718054702299E-05 -0.41848086092347E-04 -0.13667210502323E-02
  0.35560889278931E-04  0.27456425454219E-04 -0.13678684773087E-02
  0.26703508840604E-04 -0.88020198868757E-05  0.12947553244039E-02
 -0.17090254213850E-07  0.26734071011284E-04 -0.13999942197467E-02
 -0.39562926686237E-04  0.26581953175869E-04 -0.14386478422663E-02
  0.56265117845943E-04 -0.23908638186634E-04  0.13565012774984E-02
 -0.74666563403576E-04  0.34814297279778E-04 -0.14615796587596E-02
  0.78534215042671E-04 -0.36735203085661E-04  0.14171258644966E-02
 -0.11259689179760E-05  0.75662288430339E-06  0.12509677657863E-02
 -0.90314790605639E-04  0.37104947404700E-04 -0.14548327068362E-02
  0.81245253322185E-04 -0.47962962764523E-04  0.14595963959261E-02
 -0.48838056786011E-04  0.36772702748055E-04 -0.13565012788824E-02
  0.54105704279615E-04 -0.54660152570060E-04  0.14733416725144E-02
 -0.19040803232040E-04  0.32644944880296E-04 -0.12956328809366E-02
  0.18421029538850E-05  0.25550263421532E-04 -0.12519030547706E-02
  0.35506047623774E-05 -0.55665748505712E-04  0.14618850098061E-02
  0.70571130443436E-04  0.46630146152449E-04 -0.14157400406077E-02
 -0.75668461099403E-04  0.37801320360828E-04 -0.14157400385546E-02
  0.19571916501745E-04  0.38688100931173E-04 -0.12951130440273E-02
  0.12560366265113E-05  0.45817002344953E-04 -0.13228068117442E-02
 -0.18256227289811E-04  0.37704628206002E-05  0.12356544418377E-02
  0.58881917799608E-04 -0.39553218200721E-05  0.13698253298073E-02
 -0.43623635244464E-06  0.60357898597957E-04 -0.14005368269133E-02
  0.67668256966307E-04 -0.86911336990969E-05  0.14379276684843E-02
  0.30711432551455E-04  0.59705083604150E-04 -0.13670592047616E-02
  0.26703506967226E-04  0.88020113306096E-05 -0.12947553218490E-02
  0.52768426404095E-04 -0.16417274045996E-04  0.14818317204902E-02
 -0.97788325034590E-06  0.11968050219942E-04 -0.13207803853155E-02
  0.12583255427902E-04 -0.25541307989352E-04  0.14935755294723E-02
 -0.38727414522505E-04  0.16618331544671E-04 -0.13667210506956E-02
 -0.76165633700239E-04  0.25525309417543E-04 -0.14150619773737E-02
 -0.40601989891327E-04 -0.37490161354771E-04  0.14818317191540E-02
 -0.10242132782613E-03  0.40887857526873E-04 -0.14455699569217E-02
 -0.82159772472192E-04 -0.46378971420500E-04  0.14595963939241E-02
 -0.10166852691366E-03  0.47192463348270E-04 -0.14467338708441E-02
 -0.71080721266570E-04  0.49645023277075E-04 -0.14171258646756E-02
 -0.10166853088014E-03 -0.47192465345932E-04  0.14467338750240E-02
 -0.32866362282115E-04  0.49015565482959E-04 -0.13698253308353E-02
 -0.41360871934632E-04 -0.54256866600685E-04  0.14379276700048E-02
  0.12267483773669E-04 -0.28267245128168E-04 -0.12939824926936E-02
  0.41467857157435E-04  0.41510724319139E-04 -0.14359297860896E-02
 -0.71080727086041E-04 -0.49645024511351E-04  0.14171258642053E-02
 -0.32866367012573E-04 -0.49015569457895E-04  0.13698253316230E-02
 -0.98756928294721E-05 -0.68308956885468E-05 -0.13207803843801E-02
  0.12182388265078E-05 -0.59679354070850E-06 -0.12509677626744E-02
 -0.48838052436425E-04 -0.36772703288197E-04  0.13565012812441E-02
  0.38992262360976E-05  0.10733145106019E-05 -0.12020877298994E-02
 -0.63856037737135E-04 -0.10172017918383E-04  0.13544260547707E-02
  0.86620592053551E-04  0.68255539553620E-04 -0.14455699577095E-02
 -0.23143833153688E-04 -0.13381831213133E-04 -0.13999942156391E-02
  0.67483343917554E-04  0.47255994816520E-04 -0.14615796602462E-02
  0.36270486126001E-04  0.16135184765917E-04 -0.14903327552649E-02
 -0.17093586657213E-07 -0.26734067300628E-04  0.13999942184386E-02
  0.10457004649455E-04 -0.17238417056914E-04 -0.15070616471735E-02
 -0.41617612916629E-05 -0.39478755952011E-04 -0.14903327552469E-02
  0.41467860576099E-04 -0.41510724475214E-04  0.14359297862151E-02
 -0.32391861158203E-05 -0.47553475793346E-04 -0.14386478431213E-02
  0.77291219035717E-04 -0.59662429422202E-04  0.14548327060958E-02
 -0.38727406995587E-04 -0.16618330572473E-04  0.13667210467867E-02
 -0.43623934912127E-06 -0.60357903369178E-04  0.14005368214690E-02
 -0.29123537588716E-04 -0.11885118207733E-04 -0.14682897478859E-02
 -0.20157410191277E-04 -0.43682250293896E-06 -0.15070616463617E-02
 -0.32108725564351E-04  0.23343566207142E-04 -0.14903327528601E-02
 -0.30613886298889E-04 -0.35096630594763E-05  0.12939824887689E-02
 -0.58805450909005E-04  0.19298441431738E-04 -0.14806853671374E-02
 -0.56683271830055E-04  0.15156857033154E-04 -0.14359297865723E-02
 -0.97788048295862E-06 -0.11968048025329E-04  0.13207803843316E-02
 -0.41558402161578E-04  0.17068415120726E-04 -0.13678684792530E-02
  0.35560889749542E-04 -0.27456430572846E-04  0.13678684782647E-02
 -0.20974527197495E-04  0.18724907912413E-04 -0.12947553224142E-02
 -0.40682613821596E-05  0.14738621817102E-04 -0.12361442204017E-02
  0.70571129385661E-04 -0.46630146916720E-04  0.14157400417162E-02
  0.12717334373238E-05  0.10290775283353E-04 -0.12022128713243E-02
  0.91704134513703E-04 -0.64451297689607E-04  0.14467338758280E-02
  0.77291219805875E-04  0.59662428694344E-04 -0.14548327116469E-02
  0.46115666864704E-04  0.41277794254203E-04 -0.14806853660903E-02
  0.82063919817425E-04 -0.70405656511229E-04  0.14507761206871E-02
  0.97004094105652E-05  0.17675240188053E-04 -0.15070616507638E-02
  0.41879716249079E-04 -0.68252132121917E-04  0.14316783274745E-02
  0.42689540091191E-05  0.31164277383647E-04 -0.14682897472261E-02
 -0.42452437131047E-11  0.77199665882302E-11  0.11834495339523E-02
