  0.28820263547527E-05 -0.90857655758578E-06  0.13249237420260E-02
 -0.80152474948534E-05  0.90396120267350E-05 -0.13138499251002E-02
 -0.96982793180543E-04  0.58487554848752E-04 -0.35193824207285E-03
 -0.67675589499504E-05 -0.85576130793249E-05 -0.13195447658102E-02
  0.16110144296635E-04  0.82493391942553E-04 -0.32690736097106E-03
  0.64260666551088E-05 -0.26748500120127E-05 -0.13194745243928E-02
 -0.52947161735247E-04  0.23511370421676E-04 -0.22113792516143E-03
  0.41756340039238E-05  0.75768306698759E-05 -0.13229420313327E-02
 -0.10863589338047E-03 -0.70472947798854E-04 -0.45914264021026E-03
  0.14034211543812E-12  0.18263409598957E-12 -0.13280233656309E-02
  0.97799733305362E-14  0.95706313946131E-13 -0.40843131894713E-03
  0.39392684943626E-04  0.52033952176996E-04 -0.28232753524675E-03
  0.14221499121141E-04 -0.51311316177661E-05 -0.13204900227885E-02
  0.62671172709936E-05 -0.53401413398518E-05 -0.13092431061686E-02
  0.53920823258146E-04 -0.33306754920566E-04 -0.24373420400276E-03
 -0.16323671632611E-04 -0.99514625144334E-05 -0.13160079161558E-02
 -0.33034233492807E-04 -0.76553225663014E-04 -0.33660641375139E-03
 -0.11157912213380E-04 -0.12386597920616E-05 -0.13210248260667E-02
  0.94325489225721E-04 -0.45216365160323E-04 -0.33424338657162E-03
  0.20014228548051E-05  0.17355851953283E-04 -0.13179914154565E-02
 -0.20570626235981E-04 -0.43870599099246E-04 -0.27477650497347E-03
 -0.26670595626261E-05  0.14881745771795E-04 -0.13204900227612E-02
 -0.11143927040203E-03  0.70346938173413E-04 -0.46521324724439E-03
  0.11664187158630E-03  0.61335770512743E-04 -0.46521324725348E-03
  0.44739116470332E-05 -0.74046204760556E-05 -0.13229420311436E-02
  0.37754952178507E-05  0.14149552864977E-04 -0.13147708091992E-02
 -0.86495450402774E-05 -0.17221042047708E-06 -0.13229420314288E-02
 -0.16110143778453E-04  0.82493391758244E-04  0.32690736091511E-03
  0.67675592549214E-05 -0.85576132966286E-05  0.13195447660061E-02
 -0.66008815497042E-04 -0.77965710733227E-04  0.42787611454813E-03
  0.17567234817217E-04 -0.66130832061598E-05  0.13214325521138E-02
 -0.46835025520351E-04  0.34097902462081E-04  0.22113792515566E-03
  0.55295211542139E-05 -0.42277120632194E-05  0.13194745245218E-02
  0.27707740609271E-04  0.39749984258099E-04  0.27477650542121E-03
 -0.14029897388255E-04 -0.10411208767113E-04  0.13179914152904E-02
 -0.53920823112773E-04 -0.33306755498216E-04  0.24373420387669E-03
 -0.62671166691987E-05 -0.53401409874433E-05  0.13092431061086E-02
  0.11534930971286E-03 -0.58844968927895E-04 -0.45914263993305E-03
  0.96982793441089E-04  0.58487554933410E-04  0.35193824206824E-03
  0.53366526101664E-04  0.79267682230824E-04  0.45077845948403E-03
 -0.65416259966744E-06  0.29501956723756E-05  0.13249237416126E-02
  0.41964562682877E-04 -0.85850609105809E-04  0.45077845837768E-03
  0.65416251330753E-06  0.29501965454284E-05 -0.13249237413216E-02
  0.14510714784685E-04 -0.11907130469936E-04 -0.13214325519010E-02
  0.34515879107868E-04  0.96148166434542E-04 -0.42787611460170E-03
  0.10366123730666E-04 -0.10344450837651E-04 -0.13147708099622E-02
  0.25366381163996E-04 -0.60132042038801E-04 -0.28232753510741E-03
 -0.11554440046856E-04 -0.97506141077802E-05 -0.13204900229408E-02
 -0.52026000113178E-05 -0.13168270900801E-03 -0.46521324687063E-03
  0.80152477915219E-05  0.90396123358496E-05  0.13138499250539E-02
  0.16323671684852E-04 -0.99514624423585E-05  0.13160079164549E-02
 -0.67134165171224E-05  0.12931791715568E-03 -0.45914264025012E-03
 -0.27707741040086E-04  0.39749983854985E-04 -0.27477650493015E-03
 -0.45638316684314E-06  0.19112445723898E-04 -0.13160079163593E-02
 -0.49779920837720E-04  0.66885097943989E-04 -0.33660641357936E-03
 -0.58206397439904E-05  0.23063288135166E-05 -0.13191230138659E-02
 -0.78284715337393E-04  0.88697180721560E-04 -0.43239999895032E-03
  0.66516667771233E-05 -0.90437049764135E-05 -0.13210248256241E-02
 -0.80042244355413E-05  0.10429645179466E-03 -0.33424338525248E-03
  0.10794889984723E-04 -0.15820707345074E-05 -0.13195447658768E-02
 -0.79496444641354E-04 -0.27294901160518E-04 -0.32690736125458E-03
 -0.28820261473977E-05 -0.90857745372874E-06 -0.13249237418682E-02
 -0.41964563648844E-04 -0.85850607494966E-04 -0.45077845894527E-03
  0.63386300764563E-04 -0.55198489892080E-04 -0.32690736083364E-03
  0.22278638901756E-05 -0.20416193882477E-05 -0.13249237418301E-02
  0.11836157863926E-04  0.24216015902863E-05 -0.13138499254641E-02
  0.99143104866404E-04  0.54745785017408E-04 -0.35193824274652E-03
 -0.77582563941945E-05 -0.27574120925697E-05 -0.13092431066162E-02
 -0.55804907985256E-04 -0.30043424875033E-04 -0.24373420407918E-03
 -0.16031320266237E-04 -0.69446434806246E-05 -0.13179914153797E-02
  0.48278366070286E-04  0.41206157174950E-05 -0.27477650477881E-03
 -0.89654516416461E-06  0.69025620277367E-05 -0.13194745248512E-02
  0.61121378209907E-05 -0.57609272750543E-04 -0.22113792400176E-03
  0.30565193221470E-05  0.18520213101946E-04 -0.13214325519618E-02
 -0.10052469368961E-03 -0.18182455189999E-04 -0.42787611458922E-03
  0.95331088316162E-04  0.65829258659799E-05 -0.45077845811318E-03
  0.14029897243978E-04 -0.10411208753953E-04 -0.13179914154501E-02
 -0.40273313104055E-05  0.10139684317753E-04 -0.13195447655584E-02
 -0.17567234644306E-04 -0.66130827929578E-05 -0.13214325517647E-02
  0.91297993691846E-06 -0.61939860998261E-05 -0.13191230140909E-02
 -0.37671655124314E-04 -0.11214514169353E-03 -0.43239999816810E-03
 -0.96071442257323E-05 -0.46636291010380E-05 -0.13260543254418E-02
  0.49529751547180E-04 -0.75305791595146E-04 -0.44978645421505E-03
  0.49076591794939E-05  0.38876575236267E-05 -0.13191230139134E-02
  0.11595636964922E-03  0.23447961630465E-04 -0.43239999905208E-03
  0.14911393436057E-05  0.80975526958835E-05 -0.13092431061516E-02
  0.18840851490027E-05  0.63350180934360E-04 -0.24373420279616E-03
 -0.14141619629400E-04 -0.38051012877511E-05 -0.13147708095966E-02
 -0.64759066751175E-04  0.80980903642562E-05 -0.28232753484424E-03
  0.66008815432840E-04 -0.77965711043073E-04 -0.42787611462855E-03
 -0.55295207659958E-05 -0.42277116325200E-05 -0.13194745252483E-02
  0.45062451335034E-05  0.10282364928050E-04 -0.13210248257397E-02
 -0.86321264993403E-04 -0.59080087736752E-04 -0.33424338563448E-03
  0.76475114656127E-06  0.10651844648045E-04 -0.13260543249903E-02
 -0.89981604136323E-04 -0.52411275474416E-05 -0.44978645551044E-03
  0.88423930770930E-05 -0.59882162045877E-05 -0.13260543253075E-02
  0.40451852762347E-04  0.80546918672490E-04 -0.44978645396894E-03
  0.16780055530599E-04 -0.91609832466525E-05 -0.13160079166463E-02
  0.82814153842069E-04  0.96681274695356E-05 -0.33660641384805E-03
 -0.38209098737795E-05 -0.11461214052836E-04 -0.13138499253041E-02
 -0.21603113546137E-05 -0.11323334027162E-03 -0.35193824155068E-03
  0.46835025184562E-04  0.34097902457730E-04 -0.22113792483582E-03
  0.33034233812798E-04 -0.76553226352867E-04  0.33660641435766E-03
 -0.53366525987373E-04  0.79267681869775E-04 -0.45077846118069E-03
 -0.91298049751784E-06 -0.61939876969507E-05  0.13191230136559E-02
 -0.40451852770033E-04  0.80546918933436E-04  0.44978645355900E-03
 -0.88423922413060E-05 -0.59882160654492E-05  0.13260543254022E-02
  0.16031320188765E-04 -0.69446432830016E-05  0.13179914153009E-02
  0.20570625612614E-04 -0.43870599297584E-04  0.27477650499914E-03
 -0.11595636970468E-03  0.23447961337878E-04  0.43239999905309E-03
 -0.30565199757011E-05  0.18520213109562E-04  0.13214325518768E-02
 -0.18840849000555E-05  0.63350180253305E-04  0.24373420423619E-03
 -0.49076597153131E-05  0.38876574291982E-05  0.13191230138262E-02
 -0.34515878402846E-04  0.96148166024576E-04  0.42787611498966E-03
 -0.14510714427677E-04 -0.11907130418883E-04  0.13214325514618E-02
 -0.48278365919194E-04  0.41206150257086E-05  0.27477650499727E-03
 -0.61121375259778E-05 -0.57609273187047E-04  0.22113792402595E-03
 -0.99143105299642E-04  0.54745785389228E-04  0.35193824204915E-03
 -0.37754951794024E-05  0.14149553008908E-04  0.13147708096713E-02
  0.10052469363027E-03 -0.18182455326451E-04  0.42787611477162E-03
 -0.16780055629228E-04 -0.91609832407493E-05  0.13160079162304E-02
 -0.14911395389268E-05  0.80975525929115E-05  0.13092431066152E-02
  0.78284715693242E-04  0.88697180426484E-04  0.43239999858480E-03
 -0.11534930996079E-03 -0.58844968820497E-04  0.45914264010424E-03
  0.20217174441964E-12  0.15241378073974E-12  0.13280233664480E-02
  0.52947162208501E-04  0.23511370269310E-04  0.22113792364214E-03
 -0.64260667097588E-05 -0.26748493689541E-05  0.13194745245440E-02
  0.11979779121468E-12 -0.99849515169922E-13  0.40843131733500E-03
 -0.25366382023125E-04 -0.60132043128379E-04  0.28232753554490E-03
  0.58206401600859E-05  0.23063291912660E-05  0.13191230137747E-02
 -0.66516669772771E-05 -0.90437051116617E-05  0.13210248261815E-02
  0.26670594184166E-05  0.14881745297052E-04  0.13204900230979E-02
  0.80042239921091E-05  0.10429645253644E-03  0.33424338589622E-03
  0.55804907623249E-04 -0.30043424755753E-04  0.24373420403822E-03
  0.77582561126963E-05 -0.27574118227811E-05  0.13092431061827E-02
  0.11143927050854E-03  0.70346938305857E-04  0.46521324700836E-03
  0.86495449278708E-05 -0.17221052574025E-06  0.13229420311638E-02
 -0.10366124436503E-04 -0.10344451235076E-04  0.13147708100034E-02
 -0.39392685484037E-04  0.52033952646005E-04  0.28232753525281E-03
 -0.11836158577097E-04  0.24216014589613E-05  0.13138499250470E-02
  0.49779921188622E-04  0.66885098509712E-04  0.33660641390873E-03
 -0.95331088935827E-04  0.65829259677939E-05  0.45077845955824E-03
 -0.22278640483339E-05 -0.20416191325316E-05  0.13249237415332E-02
  0.14141619353606E-04 -0.38051014077429E-05  0.13147708099082E-02
  0.10863589286867E-03 -0.70472947946334E-04  0.45914263987759E-03
 -0.63386300424067E-04 -0.55198490062661E-04  0.32690736058622E-03
  0.64759067154648E-04  0.80980907144101E-05  0.28232753551729E-03
  0.89654512656456E-06  0.69025620837766E-05  0.13194745248544E-02
  0.40273310163475E-05  0.10139685041468E-04  0.13195447661109E-02
  0.86321265378374E-04 -0.59080086965675E-04  0.33424338611202E-03
 -0.45062447783105E-05  0.10282365079807E-04  0.13210248263158E-02
  0.38209106375311E-05 -0.11461213847833E-04  0.13138499250132E-02
  0.21603121449232E-05 -0.11323333971741E-03  0.35193824204950E-03
  0.37671654328417E-04 -0.11214514346224E-03  0.43239999862182E-03
 -0.20014223764956E-05  0.17355852133218E-04  0.13179914149647E-02
 -0.10794890093383E-04 -0.15820719047244E-05  0.13195447662614E-02
 -0.41756344697269E-05  0.75768302125950E-05  0.13229420312801E-02
  0.79496444636466E-04 -0.27294901545243E-04  0.32690736141239E-03
  0.67134170124684E-05  0.12931791624314E-03  0.45914263974070E-03
  0.45638338289195E-06  0.19112445410590E-04  0.13160079166695E-02
  0.11554439909796E-04 -0.97506140802938E-05  0.13204900228240E-02
 -0.14221499237155E-04 -0.51311319000799E-05  0.13204900229944E-02
  0.89981604144134E-04 -0.52411275255360E-05  0.44978645446522E-03
  0.52026001157948E-05 -0.13168270881527E-03  0.46521324704782E-03
 -0.76475085248902E-06  0.10651844168281E-04  0.13260543252210E-02
 -0.11664187075866E-03  0.61335770488496E-04  0.46521324703369E-03
  0.11157911519988E-04 -0.12386595269992E-05  0.13210248265004E-02
 -0.82814155146176E-04  0.96681269590749E-05  0.33660641419888E-03
 -0.49529751488521E-04 -0.75305791308965E-04  0.44978645398387E-03
  0.96071431894462E-05 -0.46636282678868E-05  0.13260543251400E-02
 -0.44739109213103E-05 -0.74046197192888E-05  0.13229420312122E-02
 -0.94325489275413E-04 -0.45216363951633E-04  0.33424338535341E-03
 -0.44715305190124E-05 -0.10030401257087E-04 -0.13360383429836E-02
  0.11629256660325E-04  0.22164413218405E-05 -0.13378021206783E-02
  0.18849702495237E-04  0.11916800797232E-04  0.13337445367575E-02
  0.18088689125001E-04 -0.22478770256460E-04  0.13328092130343E-02
 -0.16110788366138E-04 -0.96323054836836E-05 -0.13363914012578E-02
 -0.64508177059863E-05  0.88876593475612E-05 -0.13360383428559E-02
 -0.11629257153346E-04  0.22164413704794E-05  0.13378021203681E-02
  0.28511530926502E-04 -0.44258791950282E-05 -0.13328092133035E-02
 -0.39523756109226E-12 -0.51739057827915E-12 -0.13353389606358E-02
 -0.18849702436893E-04  0.11916799885613E-04 -0.13337445370141E-02
 -0.28511530778615E-04 -0.44258787577670E-05  0.13328092133240E-02
 -0.81458738195342E-05  0.12975623401224E-04 -0.13294739355837E-02
 -0.10725711252741E-04  0.18226369316873E-04  0.13323072879191E-02
  0.31479280679206E-04  0.68357557557244E-05 -0.13334535645518E-02
  0.16397215453393E-04 -0.91362000128109E-05 -0.13363914016242E-02
  0.14671609081593E-04  0.15607104125596E-04  0.13362717112893E-02
 -0.12377885812687E-04 -0.26949491745421E-04 -0.13356465907584E-02
  0.13081811376104E-04 -0.23198374000733E-04  0.13368420945709E-02
  0.38951333651616E-05 -0.11179452890481E-04  0.13378021204806E-02
  0.41062682748585E-05  0.10193953118354E-04 -0.13359759063363E-02
 -0.67750876866895E-05 -0.86531097523768E-05  0.13359759065584E-02
 -0.17150001932959E-04  0.24194309363081E-04 -0.13356465908546E-02
 -0.17254291257025E-05  0.17134576775728E-04 -0.13340049710772E-02
  0.10922348283340E-04  0.11427429524494E-05 -0.13360383426867E-02
 -0.26631287140385E-04  0.27000571291043E-06  0.13368420940375E-02
 -0.13976264484122E-04 -0.10061553302714E-04 -0.13340049707737E-02
 -0.26339473965436E-05  0.42280450355081E-05  0.13379480535134E-02
 -0.71642829062461E-05 -0.13542344402694E-04 -0.13294739355588E-02
 -0.89540027328050E-06 -0.22282721760529E-04 -0.13337445365202E-02
  0.61803446289023E-05 -0.20509537509212E-04  0.13362717117869E-02
 -0.14671609215184E-04  0.15607103978933E-04 -0.13362717116832E-02
  0.10725710980737E-04  0.18226368684582E-04 -0.13323072880196E-02
  0.19745103676218E-04  0.10365920905009E-04 -0.13337445366463E-02
  0.67750874769465E-05 -0.86531093474868E-05 -0.13359759063800E-02
  0.77341232786348E-05  0.89630118803546E-05  0.13378021203529E-02
 -0.18088689204280E-04 -0.22478770366087E-04 -0.13328092129751E-02
 -0.16397215425334E-04 -0.91361995985302E-05  0.13363914010456E-02
  0.10421642803787E-04 -0.18401922960324E-04 -0.13323072879499E-02
  0.20851953040704E-04  0.49024334809993E-05 -0.13362717121832E-02
 -0.10922348665117E-04  0.11427433213200E-05  0.13360383425621E-02
 -0.77341228401784E-05  0.89630108170067E-05 -0.13378021205187E-02
  0.44715299300436E-05 -0.10030402020801E-04  0.13360383424007E-02
 -0.10881356557322E-04 -0.15408428237254E-05 -0.13359759067440E-02
  0.10422841509393E-04  0.26904649646282E-04  0.13328092127494E-02
  0.72975503802246E-12  0.27816849907774E-12  0.13353389606244E-02
 -0.19745103462291E-04  0.10365920800866E-04  0.13337445368647E-02
  0.10881357329422E-04 -0.15408433676426E-05  0.13359759070533E-02
 -0.29527887256020E-04  0.27551827908689E-05  0.13356465910542E-02
  0.28642661653101E-06  0.18768505535384E-04  0.13363914008384E-02
  0.12377885709199E-04 -0.26949491048729E-04  0.13356465911624E-02
  0.21659578267930E-04  0.23843978735485E-04  0.13334535647435E-02
  0.13976264654479E-04 -0.10061554508183E-04  0.13340049713497E-02
  0.71642831309995E-05 -0.13542345430409E-04  0.13294739352486E-02
  0.89540051489972E-06 -0.22282722331856E-04  0.13337445362034E-02
  0.64508182062549E-05  0.88876600594928E-05  0.13360383429265E-02
 -0.15310155775696E-04  0.56672015138681E-06  0.13294739353332E-02
  0.98197025800038E-05 -0.30679733468180E-04  0.13334535644834E-02
 -0.21659578068708E-04  0.23843978238590E-04 -0.13334535646767E-02
 -0.10422841828819E-04  0.26904648778627E-04 -0.13328092126503E-02
 -0.13549474950993E-04  0.22928367999590E-04 -0.13368420943402E-02
  0.49785676089290E-05  0.16704265908849E-06  0.13379480538925E-02
  0.26631286233971E-04  0.27000608469223E-06 -0.13368420946877E-02
 -0.23446213559887E-05 -0.43950873417648E-05  0.13379480539830E-02
 -0.61803446425996E-05 -0.20509537110811E-04 -0.13362717117217E-02
 -0.98197019210141E-05 -0.30679734638001E-04 -0.13334535645441E-02
 -0.10421642987655E-04 -0.18401922576011E-04  0.13323072880710E-02
  0.15701693720878E-04 -0.70730227547591E-05 -0.13340049717299E-02
  0.81458736132629E-05  0.12975623284721E-04  0.13294739354835E-02
 -0.28642642668156E-06  0.18768504931496E-04 -0.13363914009533E-02
 -0.15701693037545E-04 -0.70730227652143E-05  0.13340049711933E-02
  0.17150001351405E-04  0.24194309933547E-04  0.13356465914473E-02
  0.16110789189398E-04 -0.96323057977083E-05  0.13363914010639E-02
  0.26339470270185E-05  0.42280450965448E-05 -0.13379480532891E-02
 -0.49785672940715E-05  0.16704236882835E-06 -0.13379480531530E-02
 -0.21147354009521E-04  0.17555415773700E-06 -0.13323072876057E-02
  0.13549475653413E-04  0.22928368401470E-04  0.13368420945538E-02
  0.15310155755496E-04  0.56672069940721E-06 -0.13294739350592E-02
 -0.20851953230594E-04  0.49024326883450E-05  0.13362717117314E-02
  0.29527886830166E-04  0.27551822481714E-05 -0.13356465912694E-02
 -0.38951334640388E-05 -0.11179452959610E-04 -0.13378021203120E-02
 -0.31479280374461E-04  0.68357558403834E-05  0.13334535646250E-02
 -0.13081811071293E-04 -0.23198373455475E-04 -0.13368420945331E-02
  0.17254302350150E-05  0.17134576597841E-04  0.13340049709252E-02
  0.23446210526155E-05 -0.43950871533010E-05 -0.13379480540624E-02
  0.21147353892280E-04  0.17555362635140E-06  0.13323072881885E-02
 -0.41062685311210E-05  0.10193953490055E-04  0.13359759066330E-02
