  0.15275670157321E-05 -0.44709588563821E-05  0.13265930223564E-02
  0.12495698701839E-04  0.44118160476464E-05 -0.13228862700413E-02
  0.14658115494717E-04 -0.77396895087876E-04 -0.26195741367413E-03
 -0.86735206152865E-05 -0.20992293857319E-04 -0.13109648893679E-02
  0.99179046045537E-04 -0.56490695059528E-04 -0.45250182481900E-03
 -0.44559486498476E-05 -0.23713743184279E-04 -0.13212149934872E-02
  0.61983549238981E-04  0.65657224039834E-06 -0.40615119705995E-03
 -0.31277553682645E-06 -0.74079778389869E-05 -0.13268337234295E-02
 -0.31560382927285E-04  0.53351042569817E-04 -0.40615119899488E-03
  0.65718834243127E-05  0.34331174143251E-05 -0.13268337237408E-02
 -0.11081762379590E-03  0.68733142080434E-04 -0.45072195403156E-03
  0.12883785334941E-04 -0.13896789885113E-06 -0.13244082453234E-02
 -0.69862226326631E-04  0.22210558403335E-04 -0.22765689261614E-03
  0.91769651623873E-05 -0.46796726270425E-05 -0.13242647958851E-02
  0.96404351918865E-04 -0.55503773698227E-04 -0.36125962077757E-03
  0.11913326439617E-04 -0.16246401832355E-04 -0.13141063364467E-02
  0.60551509348353E-04 -0.10606144018207E-03 -0.45610978966790E-03
  0.23402496734052E-05 -0.84468493229448E-05 -0.13236486478711E-02
 -0.30423168776387E-04 -0.54007615707570E-04 -0.40615120116660E-03
 -0.62591078895912E-05  0.39748596472457E-05 -0.13268337237781E-02
 -0.12212765642107E-03  0.59157717835830E-06 -0.45610979097322E-03
 -0.84853102039904E-05  0.21967101577639E-05 -0.13236486476553E-02
 -0.81423878892920E-04  0.47039204381129E-04 -0.34046532787018E-03
 -0.82800274940426E-05 -0.12143340188968E-04 -0.13205085263087E-02
 -0.39686493947384E-04 -0.76395671920216E-04 -0.24153432353125E-03
 -0.25205840985915E-07 -0.94034750255466E-04 -0.34046532749442E-03
  0.27414365212969E-04  0.19006681554312E-05 -0.13204230751255E-02
  0.22764677880496E-04  0.79979069711019E-05 -0.13212149952076E-02
 -0.46317343611104E-04  0.72567349005753E-04 -0.24153432071767E-03
 -0.24271041323891E-05 -0.13027500889546E-04 -0.13228862694609E-02
  0.54166020340973E-04  0.49397182781497E-04 -0.22765689106938E-03
 -0.86411991718123E-05 -0.56076483805105E-05 -0.13242647952969E-02
  0.81449085151867E-04  0.46995545125240E-04 -0.34046532730520E-03
 -0.63764263341929E-05  0.13242385270597E-04 -0.13205085269518E-02
 -0.13449948081970E-06  0.11124050546016E-03 -0.36125962025679E-03
  0.81131343929838E-05  0.18440444611771E-04 -0.13141063360816E-02
  0.59698620046153E-04  0.51392747940520E-04 -0.26195741205274E-03
  0.22516618881249E-04  0.29846573496405E-05 -0.13109648891939E-02
  0.53565816939377E-04 -0.40069041207593E-04 -0.29628194481466E-03
  0.21142302194770E-04 -0.67497876574656E-05 -0.13158386458185E-02
  0.19074449110835E-04 -0.13250049190262E-03 -0.44645345674078E-03
  0.40750508769000E-05  0.98689283178202E-06 -0.13231902537528E-02
 -0.61483716742694E-04 -0.26354837519688E-04 -0.29628194478905E-03
 -0.16416637427631E-04 -0.14934876924747E-04 -0.13158386468463E-02
  0.17841303755358E-04  0.31631850039596E-04 -0.29074495184113E-03
 -0.12061153937985E-04 -0.24691870209621E-04 -0.13204230757647E-02
  0.11493345889884E-03  0.61604305751338E-04 -0.45072195427365E-03
 -0.65622434941101E-05 -0.11088200590601E-04 -0.13244082466239E-02
  0.61576148772236E-04  0.10546986718512E-03 -0.45610979069658E-03
  0.61450611742931E-05  0.62501399914755E-05 -0.13236486474760E-02
 -0.66714739146152E-06  0.11413691926327E-03 -0.45250182483096E-03
 -0.36314638265909E-04 -0.36490150750117E-06 -0.29074495211759E-03
  0.14656455166407E-04 -0.10990457364507E-05 -0.13205085264524E-02
 -0.41158354821716E-05 -0.13033744670133E-03 -0.45072195456634E-03
 -0.63215412776182E-05  0.11227169088289E-04 -0.13244082465660E-02
 -0.19656704489328E-04 -0.15115300423081E-05  0.13233469793633E-02
  0.95315281485168E-04  0.24212304848895E-04  0.34627653448173E-03
  0.55703264086513E-05 -0.73590830439218E-05  0.13061827831269E-02
  0.56051952554181E-05 -0.40606493707385E-04  0.17769345790579E-03
 -0.19594276901087E-04 -0.75121916218057E-05  0.13106223006189E-02
 -0.81608708171708E-04  0.16671503885566E-05  0.24210057069696E-03
 -0.23446305592110E-04 -0.50603620646848E-06  0.13192230974329E-02
  0.22056805598302E-04 -0.46863742449384E-04  0.24412619699888E-03
 -0.64358707322558E-05  0.17307848299043E-05  0.13236618171313E-02
  0.31224305234004E-04 -0.27237965917026E-04  0.15046571344600E-03
  0.15493719487340E-04 -0.23185568304675E-04  0.13149751958519E-02
  0.16436602053683E-04 -0.39990185736146E-04  0.25162514838926E-03
 -0.13160878894136E-06 -0.23383083732867E-04  0.13149851003067E-02
 -0.80954034527549E-04 -0.78299687622619E-04  0.38513434717656E-03
 -0.10966751901554E-04 -0.94657797509002E-05  0.13193509857476E-02
 -0.65200454785317E-04 -0.94801604655196E-04  0.41783932124308E-03
 -0.25791627603014E-05  0.84529953803334E-05  0.13235069462354E-02
  0.22226401073363E-05 -0.12011965297193E-03  0.36911587545194E-03
  0.99435296610326E-05  0.16176767195194E-04  0.13227319307294E-02
 -0.64963472423490E-04 -0.44610476002411E-04  0.22324111861107E-03
  0.90377274848977E-05 -0.16699733336859E-04  0.13227319311482E-02
 -0.61520687415988E-05  0.78565254502411E-04  0.22324111900085E-03
  0.89939977594980E-05 -0.23388620648216E-04  0.13227870523995E-02
 -0.22643159564800E-04  0.61360605489746E-04  0.34843053660275E-03
 -0.28347970246418E-04  0.51416371350975E-05  0.13177157817367E-02
 -0.48666265159594E-05  0.72958715161770E-04  0.25228762530847E-03
 -0.10444602288177E-04  0.11952279535269E-04  0.13091484164053E-02
 -0.98511897239210E-04 -0.57646228541266E-04 -0.45250182413667E-03
 -0.18308730083035E-04  0.15715836812170E-04 -0.13212149939775E-02
 -0.96269854187338E-04 -0.55736732344294E-04 -0.36125962093693E-03
 -0.20026459882562E-04 -0.21940429483280E-05 -0.13141063350779E-02
  0.15696204540526E-04 -0.71607740897542E-04 -0.22765689230820E-03
 -0.53576750909778E-06  0.10287321973154E-04 -0.13242647933436E-02
  0.18473333360688E-04 -0.31266948061367E-04 -0.29074495172205E-03
 -0.15353210742395E-04  0.22791201192646E-04 -0.13204230758545E-02
 -0.74356734470281E-04  0.26004147024253E-04 -0.26195741099708E-03
 -0.13843097278923E-04  0.18007634761955E-04 -0.13109648897880E-02
  0.86003840039236E-04  0.38283208845399E-05 -0.24153432148013E-03
 -0.11828517030935E-05 -0.40225428765720E-05 -0.13231902537323E-02
 -0.10068593899025E-04  0.86156847592683E-05 -0.13228862698726E-02
 -0.47256635351029E-05  0.21684663766013E-04 -0.13158386456058E-02
  0.10521156720053E-03  0.82769202331598E-04 -0.44645345723435E-03
 -0.28921989607724E-05  0.30356507188199E-05 -0.13231902528673E-02
  0.46357479411256E-05  0.91256846593994E-06 -0.13265930220450E-02
 -0.32173748273955E-04 -0.58114289910787E-04  0.40634681440354E-03
 -0.46357469907000E-05  0.91256879560057E-06  0.13265930216930E-02
 -0.34241578247172E-04  0.56920429838016E-04  0.40634681386649E-03
 -0.13709657436452E-04  0.12384993639178E-04  0.13197000984081E-02
 -0.26851623454386E-04  0.13353892674608E-03  0.46019057548993E-03
 -0.15911965967204E-04  0.44410700975652E-05  0.13248166369429E-02
  0.55902317173511E-04  0.88841103571521E-04  0.45429567632010E-03
  0.79178997869656E-05  0.66423878710941E-04 -0.29628194460107E-03
 -0.12428601541366E-03  0.49731288205398E-04 -0.44645345583252E-03
 -0.15275662157608E-05 -0.44709604031964E-05 -0.13265930203612E-02
  0.32173749074306E-04 -0.58114290454708E-04 -0.40634681257669E-03
  0.42850817370128E-04  0.57605780146202E-05 -0.25162514919843E-03
  0.27826150789507E-04 -0.18251695886568E-05 -0.13149751957265E-02
 -0.16436602551811E-04 -0.39990187227500E-04 -0.25162514986662E-03
 -0.15493719878122E-04 -0.23185570079237E-04 -0.13149751962610E-02
  0.82546905899858E-04  0.15568918007499E-04 -0.41374220247256E-03
 -0.89939981860995E-05 -0.23388621652899E-04 -0.13227870513947E-02
  0.93536908473238E-04  0.59637628347174E-04 -0.44723523972171E-03
 -0.32469316659593E-06 -0.49340404288163E-05 -0.13258266057245E-02
  0.68108414701051E-05  0.10602460540818E-03 -0.45042195096970E-03
  0.13425060344078E-04  0.66469910358367E-05 -0.13246081498342E-02
 -0.54756532769811E-04  0.63703257503102E-04 -0.41374220129206E-03
  0.24752137673035E-04  0.39052794089472E-05 -0.13227870515138E-02
 -0.71115541460381E-04 -0.33954781386488E-04 -0.22324111843499E-03
  0.18981255249981E-04  0.52296577094270E-06 -0.13227319323315E-02
 -0.56051942989262E-05 -0.40606493417692E-04 -0.17769345569921E-03
 -0.55703257035771E-05 -0.73590848282106E-05 -0.13061827834216E-02
  0.80954037145794E-04 -0.78299688413624E-04 -0.38513434799226E-03
  0.13160850477790E-06 -0.23383082156298E-04 -0.13149851003330E-02
  0.88414579434241E-04 -0.58910665570974E-04 -0.45042194822013E-03
 -0.95606626981649E-06 -0.14949940347472E-04 -0.13246081504231E-02
  0.34285546226062E-12  0.28319654527536E-12 -0.37619462148041E-03
 -0.90082076056648E-12 -0.32341273850408E-12 -0.13277397235922E-02
 -0.98416153641845E-04  0.51186525433996E-04 -0.44723523921812E-03
  0.20184539531192E-04  0.11805517540035E-04 -0.13149851003377E-02
  0.27332499699084E-04  0.10925809433451E-03 -0.38513434682938E-03
  0.27142297897592E-05  0.14230376828789E-04 -0.13193509859935E-02
  0.49500370054082E-04  0.10386605350451E-03 -0.41783932144481E-03
 -0.66415326188081E-04  0.11938626320415E-05 -0.40634681478093E-03
 -0.31081807558394E-05  0.35583919733224E-05 -0.13265930214510E-02
 -0.48987494768327E-04 -0.92833378813129E-04 -0.45429567945805E-03
 -0.11802063673031E-04  0.11559630590035E-04 -0.13248166367905E-02
 -0.12907391702256E-03 -0.43515275256684E-04 -0.46019057597837E-03
 -0.17580548067822E-04  0.56804149714553E-05 -0.13197000983408E-02
  0.26689170715358E-04 -0.94651608861800E-04 -0.34627653359345E-03
 -0.85193273966165E-05  0.17778970192233E-04 -0.13233469787736E-02
 -0.64461423297552E-04 -0.11070749852480E-04 -0.34843053551975E-03
 -0.18626774936820E-04  0.21979244612384E-04 -0.13177157799851E-02
 -0.65617413357297E-04 -0.32264735389784E-04 -0.25228762563841E-03
  0.44353510933035E-05  0.21858292000231E-05 -0.13258266059292E-02
 -0.15573280440134E-04  0.30691513297078E-05 -0.13091484182314E-02
 -0.47168389176822E-05  0.47082341711596E-05 -0.13236618190160E-02
  0.51613594028602E-04  0.43301179521337E-05 -0.24412619748059E-03
 -0.11284911479144E-04  0.20558113104158E-04 -0.13192230965036E-02
 -0.42248148257973E-04  0.69841637597049E-04 -0.24210056967367E-03
 -0.32913891600942E-05  0.20725235888452E-04 -0.13106223014705E-02
  0.37968852429140E-04  0.15449005709658E-04 -0.17769345560536E-03
  0.91583169374435E-05 -0.11445023638603E-05 -0.13061827829870E-02
  0.61520694627377E-05  0.78565254886270E-04 -0.22324111954899E-03
 -0.90377266473058E-05 -0.16699732777932E-04 -0.13227319306469E-02
  0.10513799073203E-03  0.58134964092346E-04 -0.36911587524706E-03
 -0.86100894870289E-05 -0.19928765364622E-05 -0.13235069455760E-02
  0.39200922228068E-04 -0.13422059356473E-04 -0.15046571337469E-03
 -0.82546905904922E-04  0.15568918251782E-04  0.41374220251814E-03
 -0.10291535184570E-03  0.61984690194060E-04 -0.36911587622540E-03
 -0.79766178384679E-05  0.40660024151768E-04 -0.15046571315061E-03
 -0.20316147991174E-04  0.11577565532621E-04 -0.13149851002601E-02
 -0.39360560088715E-04 -0.71508787438202E-04 -0.24210057137823E-03
 -0.16302887309705E-04 -0.13213045395531E-04 -0.13106223003809E-02
  0.41818263561743E-04 -0.50289854426565E-04 -0.34843053631989E-03
 -0.97211965093719E-05 -0.27120881816063E-04 -0.13177157807579E-02
  0.10488980963241E-03  0.39922732457542E-05 -0.45429567561693E-03
 -0.41099041566519E-05 -0.16000702575498E-04 -0.13248166378632E-02
 -0.55902315465571E-04  0.88841102204461E-04 -0.45429567692671E-03
  0.15911966071812E-04  0.44410695754060E-05 -0.13248166370317E-02
 -0.95315283245480E-04  0.24212303616971E-04 -0.34627653385254E-03
  0.19656704106342E-04 -0.15115294752440E-05 -0.13233469793506E-02
 -0.31224304628931E-04 -0.27237965059856E-04 -0.15046571203396E-03
  0.64358699921897E-05  0.17307853630219E-05 -0.13236618182732E-02
  0.64963472502025E-04 -0.44610475044878E-04 -0.22324111837024E-03
 -0.99435297841325E-05  0.16176766675555E-04 -0.13227319315891E-02
 -0.26414214624162E-04  0.34229607871346E-04 -0.25162514832336E-03
 -0.12332431429904E-04  0.25010738888387E-04 -0.13149751962973E-02
 -0.32363657368576E-04  0.25157487642386E-04 -0.17769345624037E-03
 -0.35879914217075E-05  0.85035863413514E-05 -0.13061827830029E-02
  0.60750787398523E-04 -0.40693980385273E-04 -0.25228762544727E-03
  0.51286767122432E-05 -0.15021432326247E-04 -0.13091484176547E-02
  0.10222229189405E-03 -0.90023652849356E-04 -0.46019057605753E-03
  0.38708903695855E-05 -0.18065408422093E-04 -0.13197000992627E-02
 -0.10828653734732E-03 -0.30958409579338E-04 -0.38513434755111E-03
 -0.15758141004756E-04  0.19483339371390E-04 -0.13227870522083E-02
 -0.27790373677907E-04 -0.79272175354547E-04 -0.41374220305498E-03
  0.25791650347113E-05  0.84529956186163E-05 -0.13235069456816E-02
 -0.17190313553226E-05 -0.64390202501367E-05 -0.13236618194199E-02
  0.48666264091838E-05  0.72958715174356E-04 -0.25228762570486E-03
  0.10444602368936E-04  0.11952279823124E-04 -0.13091484171554E-02
  0.81608707323279E-04  0.16671507069290E-05 -0.24210057002667E-03
  0.19594275666509E-04 -0.75121913062251E-05 -0.13106223010655E-02
  0.65200455652928E-04 -0.94801604841725E-04 -0.41783932045930E-03
  0.10966753424342E-04 -0.94657808454422E-05 -0.13193509859778E-02
  0.48792469411779E-05 -0.11082415251673E-03 -0.44723523931845E-03
 -0.41106577408061E-05  0.27482145022471E-05 -0.13258266049494E-02
 -0.95225423117184E-04 -0.47113940078851E-04 -0.45042194791992E-03
 -0.12468995073926E-04  0.83029473345780E-05 -0.13246081505269E-02
  0.60309275072772E-05 -0.64601190563351E-05 -0.13235069452135E-02
 -0.11470082422253E-03 -0.90644483114643E-05 -0.41783932139096E-03
 -0.29556788973071E-04  0.42533623620253E-04 -0.24412619746598E-03
 -0.12161393356515E-04 -0.20052076614893E-04 -0.13192230971631E-02
  0.68626111297315E-04  0.70439304235942E-04 -0.34627653458005E-03
 -0.11137375838968E-04 -0.16267440854284E-04 -0.13233469800793E-02
  0.26851624176633E-04  0.13353893001225E-03 -0.46019057466148E-03
  0.13709658149167E-04  0.12384995119827E-04 -0.13197000984718E-02
  0.22643158818745E-04  0.61360604338355E-04 -0.34843053488011E-03
  0.28347970653236E-04  0.51416373295046E-05 -0.13177157814036E-02
 -0.22056804264260E-04 -0.46863741209600E-04 -0.24412619858920E-03
  0.23446304037384E-04 -0.50603685670887E-06 -0.13192230970806E-02
 -0.22226417431970E-05 -0.12011965452831E-03 -0.36911587568557E-03
 -0.13680981506970E-04 -0.47645960019217E-05 -0.13193509861743E-02
  0.95606637012563E-06 -0.14949939778736E-04  0.13246081521258E-02
  0.34241577517834E-04  0.56920430339441E-04 -0.40634681470052E-03
  0.44559475981342E-05 -0.23713745396301E-04  0.13212149933924E-02
  0.47256641316418E-05  0.21684665678646E-04  0.13158386460634E-02
  0.31560383216225E-04  0.53351041415741E-04  0.40615119868885E-03
 -0.24752137251154E-04  0.39052806615600E-05  0.13227870517266E-02
 -0.65718850335633E-05  0.34331167761829E-05  0.13268337226754E-02
  0.54756531812745E-04  0.63703256687192E-04  0.41374220192834E-03
 -0.14658115168331E-04 -0.77396895087661E-04  0.26195741333178E-03
 -0.60309280549273E-05 -0.64601189168511E-05  0.13235069458497E-02
  0.10291535181038E-03  0.61984690203058E-04  0.36911587653446E-03
 -0.61576149291525E-04  0.10546986750186E-03  0.45610979611851E-03
 -0.79178988823778E-05  0.66423878470558E-04  0.29628194459288E-03
  0.12161393152516E-04 -0.20052076917044E-04  0.13192230962130E-02
 -0.61450610506320E-05  0.62501400633810E-05  0.13236486454413E-02
  0.29556788431197E-04  0.42533624430620E-04  0.24412619860026E-03
  0.86735199413612E-05 -0.20992292704465E-04  0.13109648891067E-02
  0.97211963700667E-05 -0.27120881738401E-04  0.13177157811492E-02
 -0.27332499505166E-04  0.10925809441796E-03  0.38513434805696E-03
 -0.41818263109654E-04 -0.50289854548039E-04  0.34843053627413E-03
 -0.20184539398311E-04  0.11805517889529E-04  0.13149851004083E-02
  0.84853105404624E-05  0.21967101740080E-05  0.13236486473795E-02
 -0.81131348771396E-05  0.18440444680350E-04  0.13141063349378E-02
 -0.68626112145097E-04  0.70439303422576E-04  0.34627653387214E-03
 -0.60750787422526E-04 -0.40693980131701E-04  0.25228762666923E-03
 -0.18473332663444E-04 -0.31266947865468E-04  0.29074495106513E-03
 -0.14656454294015E-04 -0.10990459825338E-05  0.13205085262305E-02
  0.11802063355329E-04  0.11559630603985E-04  0.13248166367551E-02
  0.96269854451831E-04 -0.55736732939962E-04  0.36125962198749E-03
  0.48987493858863E-04 -0.92833377657236E-04  0.45429567991378E-03
  0.20026460179095E-04 -0.21940425013098E-05  0.13141063352324E-02
  0.18626772780286E-04  0.21979244518090E-04  0.13177157806098E-02
  0.64461423582168E-04 -0.11070751040455E-04  0.34843053597349E-03
  0.12212765653334E-03  0.59157670987318E-06  0.45610978970517E-03
  0.32913898509922E-05  0.20725237493679E-04  0.13106223009483E-02
 -0.96404352974972E-04 -0.55503774135196E-04  0.36125962073861E-03
  0.42248147362540E-04  0.69841639301009E-04  0.24210056960865E-03
 -0.11913325897173E-04 -0.16246401839423E-04  0.13141063355274E-02
  0.25206559968270E-07 -0.94034749164767E-04  0.34046532686515E-03
 -0.81449085686163E-04  0.46995545217905E-04  0.34046532740791E-03
 -0.38708906160616E-05 -0.18065409363477E-04  0.13197000979817E-02
  0.11828515749769E-05 -0.40225433449992E-05  0.13231902529426E-02
 -0.27826151341546E-04 -0.18251705472331E-05  0.13149751953283E-02
 -0.42850817678685E-04  0.57605783384706E-05  0.25162514903115E-03
  0.62591103728848E-05  0.39748595159535E-05  0.13268337228734E-02
 -0.88414580657383E-04 -0.58910663638972E-04  0.45042194635370E-03
 -0.18981255595182E-04  0.52296497685206E-06  0.13227319308688E-02
  0.71115541138668E-04 -0.33954778780000E-04  0.22324111876049E-03
 -0.61983549013294E-04  0.65657084211795E-06  0.40615119767874E-03
  0.31277451656185E-06 -0.74079759105820E-05  0.13268337244561E-02
  0.17190320455619E-05 -0.64390203280959E-05  0.13236618185939E-02
  0.79766176962350E-05  0.40660022487078E-04  0.15046571245461E-03
 -0.10488981059470E-03  0.39922736455631E-05  0.45429567707054E-03
  0.41099021690027E-05 -0.16000701619911E-04  0.13248166360044E-02
  0.11137376286485E-04 -0.16267440417857E-04  0.13233469795898E-02
 -0.11493345856188E-03  0.61604304061720E-04  0.45072195436044E-03
  0.30423167451413E-04 -0.54007614142927E-04  0.40615120045844E-03
  0.63764263209950E-05  0.13242383447941E-04  0.13205085270820E-02
 -0.37968851484262E-04  0.15449005905875E-04  0.17769345589761E-03
  0.12428601498428E-03  0.49731288071578E-04  0.44645345825525E-03
 -0.10222229102434E-03 -0.90023651598933E-04  0.46019057620537E-03
  0.61483717073460E-04 -0.26354838129925E-04  0.29628194463236E-03
  0.74356733329407E-04  0.26004148511484E-04  0.26195741290051E-03
  0.31081803253303E-05  0.35583916647581E-05  0.13265930215552E-02
  0.66415326691242E-04  0.11938610091531E-05  0.40634681194594E-03
  0.16416638196797E-04 -0.14934876667425E-04  0.13158386456161E-02
  0.13843099163651E-04  0.18007634611848E-04  0.13109648909065E-02
  0.17580548689045E-04  0.56804155522210E-05  0.13197000974217E-02
  0.86411983310857E-05 -0.56076492062083E-05  0.13242647947418E-02
  0.12907391644768E-03 -0.43515275631329E-04  0.46019057539797E-03
 -0.54166019672834E-04  0.49397183153678E-04  0.22765689308815E-03
  0.98511899918478E-04 -0.57646226661714E-04  0.45250182554835E-03
  0.15573279534688E-04  0.30691507738788E-05  0.13091484179602E-02
  0.65617412700530E-04 -0.32264734636456E-04  0.25228762565037E-03
  0.18308729141017E-04  0.15715836583496E-04  0.13212149944933E-02
 -0.91583168035872E-05 -0.11445016784868E-05  0.13061827825251E-02
  0.39360559371549E-04 -0.71508786720846E-04  0.24210057031976E-03
 -0.51286768965792E-05 -0.15021431597001E-04  0.13091484175709E-02
  0.16302886509078E-04 -0.13213044489043E-04  0.13106223001030E-02
 -0.10513799194230E-03  0.58134964348969E-04  0.36911587604690E-03
 -0.23402495469835E-05 -0.84468491527580E-05  0.13236486462277E-02
  0.24271039086967E-05 -0.13027499212405E-04  0.13228862705832E-02
  0.32469297305794E-06 -0.49340408038592E-05  0.13258266062600E-02
 -0.93536908176854E-04  0.59637627940685E-04  0.44723523757609E-03
  0.69862225228296E-04  0.22210557060820E-04  0.22765689205793E-03
 -0.60551509486009E-04 -0.10606143933027E-03  0.45610979524090E-03
  0.48510011535297E-12  0.63522519693366E-13  0.13277397248180E-02
 -0.91769659829683E-05 -0.46796737239739E-05  0.13242647941434E-02
 -0.12184489209504E-12 -0.80259804645914E-15  0.37619461874069E-03
 -0.10521156562951E-03  0.82769204133351E-04  0.44645345608990E-03
  0.12468994416206E-04  0.83029476239550E-05  0.13246081508359E-02
  0.95225422057122E-04 -0.47113940390197E-04  0.45042194995082E-03
  0.36314637713359E-04 -0.36490136985876E-06  0.29074495108692E-03
  0.13449763993650E-06  0.11124050596181E-03  0.36125962080089E-03
 -0.21142302481751E-04 -0.67497865142054E-05  0.13158386454532E-02
  0.20316148198831E-04  0.11577565649852E-04  0.13149851003083E-02
  0.86100908830658E-05 -0.19928766294660E-05  0.13235069453723E-02
  0.46317344662211E-04  0.72567348869993E-04  0.24153432379433E-03
 -0.99179044980220E-04 -0.56490693593129E-04  0.45250182531416E-03
  0.41106574280425E-05  0.27482142330183E-05  0.13258266058518E-02
 -0.19074449287464E-04 -0.13250049124087E-03  0.44645345530095E-03
 -0.48792464033887E-05 -0.11082415253807E-03  0.44723523972236E-03
 -0.40750504757518E-05  0.98689100158278E-06  0.13231902532022E-02
 -0.17841304325622E-04  0.31631850622714E-04  0.29074495093488E-03
  0.15758141504752E-04  0.19483339765945E-04  0.13227870518688E-02
  0.27790373263919E-04 -0.79272176864756E-04  0.41374220250834E-03
  0.12061154410160E-04 -0.24691871209958E-04  0.13204230752029E-02
  0.39686495710954E-04 -0.76395670474004E-04  0.24153432068259E-03
  0.12332431993352E-04  0.25010738685356E-04  0.13149751954427E-02
  0.26414215453618E-04  0.34229608054974E-04  0.25162514880123E-03
 -0.12495697820137E-04  0.44118152767258E-05  0.13228862704401E-02
  0.47168385327692E-05  0.47082349297924E-05  0.13236618188037E-02
 -0.39200921256005E-04 -0.13422059356105E-04  0.15046571312779E-03
 -0.53565817052067E-04 -0.40069043183103E-04  0.29628194478959E-03
  0.28921995652327E-05  0.30356497744074E-05  0.13231902546809E-02
 -0.27414365120349E-04  0.19006693494508E-05  0.13204230746599E-02
  0.11081762145211E-03  0.68733141136313E-04  0.45072195442004E-03
  0.41158352458517E-05 -0.13033744869231E-03  0.45072195337950E-03
 -0.49500369758286E-04  0.10386605343864E-03  0.41783932099085E-03
  0.10828653626468E-03 -0.30958409000676E-04  0.38513434701453E-03
 -0.13425060521793E-04  0.66469916975224E-05  0.13246081514755E-02
 -0.68108420393160E-05  0.10602460393479E-03  0.45042194751329E-03
 -0.12883783343077E-04 -0.13896897915526E-06  0.13244082461617E-02
 -0.15696204759086E-04 -0.71607741516964E-04  0.22765689403219E-03
 -0.44353513633766E-05  0.21858264520008E-05  0.13258266065146E-02
  0.53576677065456E-06  0.10287322708032E-04  0.13242647951266E-02
  0.98416155274836E-04  0.51186523606339E-04  0.44723523708726E-03
  0.66714830828550E-06  0.11413691946970E-03  0.45250182403996E-03
 -0.22764678148789E-04  0.79979072805191E-05  0.13212149951852E-02
  0.13680980883588E-04 -0.47645962272911E-05  0.13193509866557E-02
  0.11470082462625E-03 -0.90644482523501E-05  0.41783932105603E-03
  0.15353210369087E-04  0.22791201814058E-04  0.13204230748463E-02
 -0.27142290951086E-05  0.14230376644880E-04  0.13193509867668E-02
  0.10068594376884E-04  0.86156833748779E-05  0.13228862699281E-02
  0.65622443196402E-05 -0.11088200532733E-04  0.13244082456983E-02
 -0.51613594651350E-04  0.43301178600459E-05  0.24412619681563E-03
  0.11284912153801E-04  0.20558114261524E-04  0.13192230966343E-02
  0.81423880542606E-04  0.47039204932068E-04  0.34046532841214E-03
 -0.59698619618349E-04  0.51392747400752E-04  0.26195741294419E-03
 -0.26689172113279E-04 -0.94651608777400E-04  0.34627653383854E-03
  0.35879903736898E-05  0.85035858600906E-05  0.13061827836888E-02
  0.32363657680395E-04  0.25157488389427E-04  0.17769345711269E-03
  0.63215416586238E-05  0.11227170004673E-04  0.13244082451906E-02
 -0.86003841648827E-04  0.38283229186930E-05  0.24153432306958E-03
  0.82800273467724E-05 -0.12143339192824E-04  0.13205085270447E-02
 -0.22516619372807E-04  0.29846573909238E-05  0.13109648896363E-02
  0.85193286674330E-05  0.17778970874511E-04  0.13233469791277E-02
  0.94634346771393E-05 -0.97266698791126E-06  0.13080772444065E-02
  0.26191935477859E-04  0.12178990822697E-04 -0.13491769152901E-02
 -0.43437938035667E-04  0.12380126566337E-04 -0.13459586455958E-02
  0.11217563436141E-05 -0.12796085925165E-04 -0.13328796230764E-02
  0.29675715952996E-04  0.16410478302643E-05 -0.13367147013315E-02
 -0.14958200480772E-04 -0.49648227506656E-05  0.13205635659314E-02
 -0.26622937222474E-04 -0.13365528397879E-04 -0.13314224391652E-02
  0.14734666759371E-06 -0.39788809001371E-05 -0.13169262534802E-02
  0.12500904779079E-05 -0.30637539799032E-04  0.13464011575523E-02
 -0.36954862079852E-04  0.23226705325990E-04 -0.13549249002152E-02
  0.11778765452496E-04 -0.10471768362013E-04  0.13205635639690E-02
  0.38592347509263E-04  0.20390495594459E-04 -0.13549249005064E-02
 -0.80909096953661E-05 -0.37737093492401E-04  0.13513743042694E-02
 -0.11221779308271E-06 -0.32296176357213E-04  0.13582739992757E-02
 -0.24886356528833E-04 -0.16373375260651E-04  0.13314224403718E-02
 -0.16377254486352E-04 -0.31505215511580E-04  0.13308293769419E-02
  0.24886354561626E-04 -0.16373375526365E-04 -0.13314224400643E-02
  0.25907841999811E-04  0.16401381436305E-04  0.13464011575020E-02
  0.40198545373514E-04  0.12075371262238E-04 -0.13493449837074E-02
  0.11588220980986E-04  0.32894926221743E-04  0.13439770356468E-02
 -0.23659909596278E-04  0.76455587473270E-05 -0.13569828487924E-02
 -0.25486532038148E-05 -0.28772376882481E-04 -0.13491769165166E-02
 -0.28635826362215E-04  0.25875478992146E-04  0.13513743057324E-02
  0.10997465649025E-04 -0.43808421501505E-04 -0.13459586455697E-02
  0.28025418156586E-04  0.16050905685707E-04  0.13582740000752E-02
  0.22525804582538E-04 -0.13066630305810E-04 -0.13516994374106E-02
  0.24171319103513E-05 -0.11664305150197E-04 -0.13633801402638E-02
  0.41845170880595E-04  0.24789605630820E-04  0.13514744108424E-02
 -0.16374860515915E-05 -0.43617201865401E-04 -0.13549249001984E-02
  0.14033399695313E-04  0.90709138984110E-05  0.13534159144159E-02
 -0.10496450055013E-04 -0.36730460525256E-04 -0.13519744023589E-02
  0.11850688395147E-04 -0.99639325563407E-05 -0.13465312875786E-02
  0.34319244286562E-04  0.12510842314669E-04  0.13371552810090E-02
 -0.13416669854835E-04 -0.26520446555304E-04 -0.13367147012282E-02
  0.36797329869783E-04 -0.56776194673881E-05  0.13426640551201E-02
  0.33721385497968E-05  0.21170459796397E-05 -0.13169262523651E-02
 -0.91546669054001E-12  0.10057791577571E-12 -0.13026375823264E-02
  0.75887958296929E-05 -0.21405213149926E-04 -0.13218585050699E-02
  0.90510535050395E-05 -0.14021443654952E-04  0.13583578848457E-02
 -0.11642613919530E-04  0.54265748256704E-05 -0.13328796227585E-02
 -0.38594239774687E-04  0.25301494464258E-04  0.13513905920635E-02
  0.37057737717444E-04  0.92750389052592E-05 -0.13519744013807E-02
  0.32440473024060E-04  0.31428295001197E-04 -0.13459586458020E-02
 -0.55740709041209E-05 -0.77092413970653E-05  0.13080772449105E-02
  0.14743060645597E-04  0.17274696814247E-04 -0.13218585060231E-02
 -0.38893638258429E-05  0.86819100830914E-05  0.13080772447008E-02
 -0.64211411897862E-05 -0.94351617938759E-06 -0.13087194297976E-02
 -0.22331856111632E-04  0.41305174403233E-05 -0.13218585053878E-02
 -0.17214942264672E-04  0.67679212893636E-05  0.13323762889214E-02
 -0.23643284348250E-04  0.16593386230940E-04 -0.13491769157719E-02
 -0.16668452269053E-04 -0.82771938554528E-06  0.13583578850583E-02
 -0.14554360922055E-04 -0.52810324365732E-05 -0.13465312865846E-02
 -0.11310150909358E-04  0.37388563039724E-05 -0.13633801402351E-02
 -0.26146139831379E-05 -0.46074339080440E-04  0.13513905929487E-02
  0.17365820113642E-05  0.29738902046893E-04 -0.13314224398130E-02
  0.27462771588529E-05 -0.18292537584317E-04  0.13323762886336E-02
 -0.16259045447083E-04  0.24879402371730E-04 -0.13367147008043E-02
  0.40276814770337E-05 -0.50891110508130E-05 -0.13087194290970E-02
  0.31794339046928E-05  0.15436594249145E-04  0.13205635640488E-02
  0.10520860483891E-04  0.73695139387076E-05 -0.13328796224381E-02
 -0.19095691282835E-04  0.29935724518530E-04  0.13308293786563E-02
  0.18451202777218E-04  0.16667304444900E-04 -0.13569828488187E-02
 -0.30556850957435E-04  0.28775275852600E-04 -0.13493449849579E-02
  0.53133939841182E-07  0.26041235520347E-04 -0.13516994361894E-02
  0.23934600926468E-05  0.60326315089734E-05 -0.13087194292301E-02
 -0.14035325617575E-04 -0.16049790370138E-04  0.13163843907092E-02
 -0.26561288461133E-04  0.27455423140923E-04 -0.13519744013065E-02
  0.14035326166095E-04 -0.16049790223718E-04 -0.13163843900842E-02
  0.16374863722591E-05 -0.43617201684963E-04  0.13549249005887E-02
  0.63249143115082E-05 -0.35976759622996E-04 -0.13371552804931E-02
  0.25486517592646E-05 -0.28772377212520E-04  0.13491769158713E-02
  0.23315627893279E-04 -0.29028611979156E-04 -0.13426640536993E-02
  0.11221634062351E-06 -0.32296175344097E-04 -0.13582739997520E-02
  0.11642614577987E-04  0.54265761728182E-05  0.13328796226610E-02
 -0.54584235957287E-06 -0.48633783690352E-04 -0.13514744095972E-02
 -0.17365820246844E-05  0.29738904710225E-04  0.13314224391617E-02
 -0.83894103389528E-06 -0.16688737164183E-04 -0.13534159162549E-02
  0.16668452612439E-04 -0.82772000851649E-06 -0.13583578860288E-02
 -0.32440472168100E-04  0.31428294837942E-04  0.13459586452190E-02
 -0.12500921038678E-05 -0.30637537776989E-04 -0.13464011584413E-02
 -0.38592346852706E-04  0.20390496789717E-04  0.13549249004928E-02
 -0.22693729651012E-04 -0.26483156164641E-04 -0.13439770363177E-02
 -0.36726734625029E-04  0.11861612899794E-04 -0.13513743064853E-02
 -0.27036730846694E-05  0.15244963391368E-04  0.13465312863940E-02
  0.38594241439954E-04  0.25301494175487E-04 -0.13513905927218E-02
 -0.33721380568187E-05  0.21170462276444E-05  0.13169262535348E-02
  0.17214940545192E-04  0.67679200429073E-05 -0.13323762894279E-02
 -0.11778766910651E-04 -0.10471768830067E-04 -0.13205635627746E-02
 -0.11850689058814E-04 -0.99639327234933E-05  0.13465312874582E-02
 -0.35472945168452E-04  0.15694902870283E-05 -0.13308293781222E-02
 -0.24171312550700E-05 -0.11664307370847E-04  0.13633801400605E-02
 -0.41208855805364E-04  0.20772845445475E-04 -0.13513905924555E-02
  0.13553007974111E-11 -0.80275529688681E-12  0.13026375826525E-02
  0.28635824981589E-04  0.25875479688252E-04 -0.13513743058037E-02
  0.13416669586652E-04 -0.26520447788436E-04  0.13367147010541E-02
 -0.88930200296181E-05  0.79254503052219E-05  0.13633801402146E-02
 -0.40276809982539E-05 -0.50891118122018E-05  0.13087194303610E-02
 -0.22525803341028E-04 -0.13066632709011E-04  0.13516994369085E-02
  0.64211415378068E-05 -0.94351778717981E-06  0.13087194293004E-02
  0.96416937931921E-05 -0.40850647057657E-04  0.13493449846022E-02
  0.26622936686425E-04 -0.13365528323835E-04  0.13314224399353E-02
 -0.11217562778287E-05 -0.12796087660828E-04  0.13328796228327E-02
  0.22331856784954E-04  0.41305148647492E-05  0.13218585062774E-02
 -0.52087069831520E-05 -0.24312863169603E-04  0.13569828479884E-02
 -0.10520860888916E-04  0.73695137770751E-05  0.13328796221101E-02
 -0.40198544799319E-04  0.12075371607963E-04  0.13493449846730E-02
  0.10496451168379E-04 -0.36730460983116E-04  0.13519744013986E-02
  0.22578938101694E-04 -0.12974602536502E-04  0.13516994369565E-02
 -0.10997466872539E-04 -0.43808421546119E-04  0.13459586450660E-02
  0.43437938233479E-04  0.12380126501746E-04  0.13459586452005E-02
  0.23643282758696E-04  0.16593386423118E-04  0.13491769158391E-02
 -0.75887954560845E-05 -0.21405213579510E-04  0.13218585060730E-02
 -0.18451202373410E-04  0.16667303449304E-04  0.13569828488626E-02
 -0.23934596964631E-05  0.60326311985356E-05  0.13087194298722E-02
  0.26561287911380E-04  0.27455422262454E-04  0.13519744016326E-02
  0.36954860611309E-04  0.23226703788088E-04  0.13549248998473E-02
 -0.14743060126005E-04  0.17274697182355E-04  0.13218585061578E-02
  0.11310152142659E-04  0.37388561684833E-05  0.13633801401319E-02
 -0.26191936290809E-04  0.12178990437031E-04  0.13491769159059E-02
  0.16259046307457E-04  0.24879398331003E-04  0.13367147023034E-02
  0.14554360634702E-04 -0.52810318912281E-05  0.13465312873893E-02
 -0.14734628129372E-06 -0.39788774816645E-05  0.13169262521665E-02
  0.23659909448469E-04  0.76455585681854E-05  0.13569828482834E-02
  0.19095689401718E-04  0.29935725569576E-04 -0.13308293773860E-02
  0.30556851332191E-04  0.28775274359756E-04  0.13493449850381E-02
  0.27994330799792E-04  0.23465916656753E-04 -0.13371552805388E-02
 -0.20917190004620E-04 -0.41300512712095E-05 -0.13163843903013E-02
 -0.34319244202671E-04  0.12510842964943E-04 -0.13371552810681E-02
 -0.13481702597380E-04  0.34706231835822E-04  0.13426640535983E-02
 -0.28025417288081E-04  0.16050905340618E-04 -0.13582739994120E-02
 -0.90510522501593E-05 -0.14021444563480E-04 -0.13583578858088E-02
 -0.42391013187848E-04  0.23844176969396E-04  0.13514744104194E-02
  0.26146149106929E-05 -0.46074338564331E-04 -0.13513905926162E-02
 -0.27157934538074E-04  0.14236157505304E-04  0.13464011573121E-02
  0.80909103290134E-05 -0.37737092252948E-04 -0.13513743059616E-02
  0.14872341037661E-04  0.76178242154402E-05 -0.13534159143917E-02
  0.14468663190618E-04  0.11524614612282E-04  0.13323762889513E-02
  0.13481702881976E-04  0.34706230738257E-04 -0.13426640542778E-02
  0.35472945019120E-04  0.15694894670540E-05  0.13308293784774E-02
  0.68818642366081E-05  0.20179844107406E-04 -0.13163843903381E-02
 -0.35194844558035E-05  0.18618352928314E-05 -0.13169262534647E-02
  0.22693729683555E-04 -0.26483156594757E-04  0.13439770359074E-02
  0.27036718821275E-05  0.15244962054751E-04 -0.13465312860933E-02
  0.54584368708530E-06 -0.48633782597829E-04  0.13514744121246E-02
  0.88930204244571E-05  0.79254511340278E-05 -0.13633801403783E-02
  0.52087082098747E-05 -0.24312860985750E-04 -0.13569828481336E-02
 -0.63249154727832E-05 -0.35976758484823E-04  0.13371552804634E-02
 -0.96416947033682E-05 -0.40850648322251E-04 -0.13493449853134E-02
 -0.14872341939406E-04  0.76178250243884E-05  0.13534159144852E-02
 -0.22578936762682E-04 -0.12974602695227E-04 -0.13516994378471E-02
 -0.23315626664343E-04 -0.29028612054569E-04  0.13426640526302E-02
  0.42391012924062E-04  0.23844177894981E-04 -0.13514744117635E-02
  0.83894070333452E-06 -0.16688737334229E-04  0.13534159146429E-02
  0.34281951444002E-04 -0.64117692458935E-05 -0.13439770360987E-02
  0.38893640055250E-05  0.86819090489816E-05 -0.13080772442401E-02
 -0.94634344701200E-05 -0.97266658635627E-06 -0.13080772465737E-02
 -0.53133929765053E-07  0.26041234756098E-04  0.13516994373386E-02
 -0.14468662792976E-04  0.11524615595367E-04 -0.13323762893044E-02
 -0.37057737887053E-04  0.92750386669117E-05  0.13519744015614E-02
 -0.76173997767006E-05  0.14849165238574E-04 -0.13583578853243E-02
 -0.14033400844825E-04  0.90709122583068E-05 -0.13534159146169E-02
 -0.29675715686474E-04  0.16410473285572E-05  0.13367147012776E-02
 -0.11588220512460E-04  0.32894923493194E-04 -0.13439770367005E-02
  0.35194827998082E-05  0.18618354688751E-05  0.13169262529510E-02
 -0.31794363666382E-05  0.15436595912873E-04 -0.13205635629354E-02
  0.55740714416548E-05 -0.77092428641888E-05 -0.13080772457592E-02
 -0.34281952151788E-04 -0.64117681123435E-05  0.13439770362488E-02
 -0.68818631280012E-05  0.20179844954318E-04  0.13163843912493E-02
 -0.27994329657276E-04  0.23465917566282E-04  0.13371552801529E-02
  0.27157934245641E-04  0.14236159013128E-04 -0.13464011581854E-02
  0.27913199970321E-04  0.16245270690195E-04 -0.13582739989624E-02
 -0.27913199340384E-04  0.16245271279132E-04  0.13582739992654E-02
 -0.36797330927842E-04 -0.56776185538641E-05 -0.13426640539554E-02
  0.76174000368459E-05  0.14849163512051E-04  0.13583578856451E-02
 -0.41845169498039E-04  0.24789605364254E-04 -0.13514744103409E-02
 -0.25907842106147E-04  0.16401379413603E-04 -0.13464011584093E-02
  0.41208855150816E-04  0.20772846443609E-04  0.13513905936915E-02
 -0.27462783384112E-05 -0.18292537145744E-04 -0.13323762888497E-02
  0.36726735504339E-04  0.11861612046488E-04  0.13513743052834E-02
  0.16377253089327E-04 -0.31505216273534E-04 -0.13308293777103E-02
  0.14958200923665E-04 -0.49648252062280E-05 -0.13205635639344E-02
  0.20917190855991E-04 -0.41300538606066E-05  0.13163843898545E-02
