 -0.21848507728996E-05  0.26234215056589E-05  0.13228322775458E-02
  0.33605341542711E-05  0.45109455849797E-05 -0.13178254160849E-02
 -0.34770498418445E-04 -0.70385803442181E-04 -0.31067263678679E-03
  0.47277531835551E-05  0.67132070875524E-05 -0.13178821655205E-02
 -0.69456253928358E-04 -0.51237621015496E-04 -0.38333549668325E-03
 -0.72419108250652E-05  0.48803573709025E-05 -0.13185295744948E-02
 -0.80507441987903E-05 -0.11952898111763E-03 -0.39498568393223E-03
 -0.35237287997283E-05  0.82391231604492E-05 -0.13197426527936E-02
 -0.10017256422355E-03 -0.27462728845712E-04 -0.32944487320268E-03
 -0.56238901295038E-05 -0.12620468729505E-05 -0.13161327221382E-02
  0.98073296373897E-04 -0.81105622131235E-04 -0.41433608798515E-03
  0.22263265794457E-05 -0.51657807003857E-05 -0.13178254162385E-02
  0.78943550102037E-13  0.30112313930590E-13 -0.41123516716454E-03
  0.83219086984985E-13  0.97764662311749E-13 -0.13252888491751E-02
 -0.96909486120612E-04  0.70930046796578E-04 -0.40699591663659E-03
  0.57920730382183E-05 -0.52733452950900E-05 -0.13194789032862E-02
  0.91007929800063E-04  0.28708390553885E-04 -0.31690897347343E-03
 -0.62477057989604E-05 -0.32621132985151E-05 -0.13186465954093E-02
  0.61472778583332E-04  0.62062801611741E-04 -0.38148653529009E-03
 -0.81876965771807E-05  0.12546951697417E-05 -0.13187027792815E-02
  0.47691282173878E-04  0.74620495909730E-04 -0.31893792648226E-03
  0.67125174678957E-05  0.57176705047108E-05 -0.13163365183158E-02
 -0.12972479606649E-04 -0.11939110043116E-03 -0.40699591644560E-03
  0.16708142179844E-05  0.76527550279855E-05 -0.13194789033430E-02
 -0.11927617724539E-03 -0.44381155544820E-04 -0.41433608799464E-03
 -0.55868606219901E-05  0.65483497575703E-06 -0.13178254161213E-02
  0.40777604105571E-04 -0.78612109817467E-04 -0.31893792631862E-03
  0.15953891104395E-05 -0.86720457090246E-05 -0.13163365180899E-02
  0.21202880338817E-04  0.12548677767160E-03 -0.41433608778474E-03
  0.62966401697441E-04  0.42339879418297E-05 -0.43275821859220E-03
 -0.74628875579428E-05 -0.23794100636582E-05 -0.13194789032154E-02
  0.34499307630063E-05 -0.74509581872052E-05 -0.13178821655152E-02
  0.10754050691214E-03  0.52792341588744E-04 -0.39498568377942E-03
 -0.53734256107214E-05 -0.71712003597146E-05 -0.13197426527347E-02
  0.18196817898021E-04  0.13613978244423E-03 -0.46653667435327E-03
  0.43698046081687E-06  0.34189186367438E-05 -0.13199320889289E-02
 -0.54910791323721E-04 -0.14744082670256E-04 -0.26920644419999E-03
  0.80408005016294E-05  0.48846884995522E-05 -0.13170621405280E-02
  0.14686645720698E-04  0.54926181315439E-04 -0.26920644441887E-03
  0.20986424817895E-06 -0.94058819801305E-05 -0.13170621403215E-02
  0.88761669654160E-04  0.81155991870863E-04 -0.45684378647890E-03
 -0.67715900071232E-05 -0.94235647073064E-06 -0.13211713165800E-02
 -0.96449545461058E-05  0.85769690780373E-04 -0.38333549649828E-03
  0.78474687697129E-05  0.38315001341234E-05 -0.13185295745564E-02
 -0.20641769575768E-04 -0.93169374264244E-04 -0.31690897387333E-03
  0.29878013893684E-06  0.70417285196781E-05 -0.13186465954007E-02
 -0.88468886252598E-04  0.39916137673226E-05 -0.31893792618339E-03
 -0.83079066273654E-05  0.29543755261514E-05 -0.13163365181420E-02
  0.73869703117912E-04 -0.73020621011052E-04 -0.32944487327802E-03
  0.39049098254926E-05 -0.42394082604785E-05 -0.13161327221328E-02
  0.36287806496796E-04 -0.52371711144813E-04 -0.43275535690537E-03
 -0.33829248994246E-06  0.21485838349747E-05 -0.13249123477598E-02
 -0.11466398556326E-03  0.36291865227176E-04 -0.45684378649025E-03
  0.42018997159770E-05 -0.53931904274147E-05 -0.13211713167690E-02
  0.10880210184968E-03 -0.83828798131869E-04 -0.46653667426679E-03
  0.27423801878168E-05 -0.20878954514923E-05 -0.13199320888936E-02
 -0.63499135515982E-04 -0.52403070523762E-05 -0.43275535777677E-03
  0.20298747255186E-05 -0.78132225983448E-06 -0.13249123475956E-02
 -0.43570644817485E-04  0.65305036480259E-04 -0.31067263675595E-03
  0.10988196579053E-03  0.48461052934003E-04 -0.40699591643146E-03
  0.30072503349043E-05 -0.77181007935884E-05 -0.13187027795317E-02
 -0.15855905603436E-05 -0.10521369636201E-05 -0.13246361394005E-02
  0.59489258858444E-05 -0.37796150847987E-05 -0.13186465954554E-02
 -0.25218889737485E-04 -0.81845659498555E-04  0.29101204925917E-03
  0.59475875599171E-05  0.12938358208060E-05  0.13173264613813E-02
 -0.61058188020604E-04 -0.28945638676340E-04  0.25106572469966E-03
  0.45858064588162E-05 -0.28957549566732E-05  0.13236012915103E-02
 -0.84736835050510E-04  0.56648598177268E-04  0.45920960050601E-03
  0.16831418239112E-05  0.12755513565764E-05  0.13228822726181E-02
  0.89159467691963E-04 -0.55445197270440E-04  0.46056367117537E-03
  0.61559331118812E-05  0.15950258509826E-05  0.13143427561216E-02
  0.67706635943080E-04  0.35722694893502E-04  0.26499497922501E-03
  0.15855904495163E-05 -0.10521368060641E-05  0.13246361395784E-02
 -0.62966401969440E-04  0.42339883099092E-05  0.43275821784517E-03
  0.50003365032957E-05  0.32699427293424E-05  0.13202878449247E-02
  0.95077968842557E-04 -0.74390182920077E-04  0.45898756802218E-03
  0.44523765343255E-05  0.43366394427976E-05  0.13159504466617E-02
  0.27945581765375E-04  0.92119142678128E-04  0.30321265214409E-03
 -0.91049695061104E-05  0.12464236867463E-05  0.13204726410365E-02
  0.69943754245884E-04  0.87499441511057E-04  0.43774962367877E-03
 -0.87794587199570E-06 -0.10111533951963E-04  0.13170510391079E-02
  0.29478199319285E-04  0.24855051848241E-05  0.28857293029713E-03
 -0.55122160757773E-05 -0.54184326725846E-06  0.13177574623795E-02
 -0.10853263446718E-03 -0.72545266095174E-04  0.40389180875905E-03
  0.22868575387811E-05  0.50446407076836E-05  0.13177574624100E-02
 -0.85597265091443E-05  0.13026465125389E-03  0.40389180835602E-03
 -0.77812530604349E-05 -0.24803431093908E-05  0.13213789039495E-02
  0.10361692218955E-03  0.77300886967268E-04  0.46153925396959E-03
 -0.65737551220133E-06 -0.10335501161619E-04  0.13159002819398E-02
  0.21360202691205E-04 -0.68518344344049E-04  0.27654664482340E-03
  0.49792724349288E-05  0.59870529109148E-05  0.13183210133088E-02
 -0.70366160371969E-04  0.64460983877873E-04 -0.31690897409310E-03
 -0.81400612897501E-04 -0.90082002988034E-04  0.44109944839517E-03
 -0.21781916817959E-04 -0.17351526864412E-04  0.28927854610729E-03
  0.78341142888838E-04  0.50807669896783E-05 -0.31067263726033E-03
 -0.81776846506510E-05  0.73775082012084E-06 -0.13178821654825E-02
  0.26302861332948E-04  0.10048334983223E-03 -0.32944487366630E-03
  0.17189802252087E-05  0.55014552842498E-05 -0.13161327221749E-02
  0.23011573666010E-04 -0.84268388872788E-04 -0.38148653510001E-03
  0.51804461707661E-05  0.64634052865029E-05 -0.13187027793572E-02
  0.79101208171195E-04 -0.34532069798821E-04 -0.38333549684129E-03
 -0.60555807113564E-06 -0.87118576603366E-05 -0.13185295746182E-02
  0.27211328880980E-04  0.57612017730313E-04 -0.43275535690152E-03
 -0.16915818434123E-05 -0.13672620737759E-05 -0.13249123477548E-02
 -0.99489762349340E-04  0.66736639266832E-04 -0.39498568399129E-03
  0.88971544419770E-05 -0.10679230575816E-05 -0.13197426526697E-02
  0.25902315707013E-04 -0.11744785723496E-03 -0.45684378643317E-03
  0.25696900888304E-05  0.63355471035525E-05 -0.13211713168546E-02
 -0.12699891934070E-03 -0.52310984704647E-04 -0.46653667420270E-03
 -0.31793606190016E-05 -0.13310229251104E-05 -0.13199320889361E-02
  0.40224145782250E-04 -0.40182098408677E-04 -0.26920644434602E-03
 -0.82506646993340E-05  0.45211933639036E-05 -0.13170621406300E-02
 -0.33643752428612E-05  0.58042561964961E-06 -0.13228322775426E-02
 -0.67271517432047E-04 -0.92403205268335E-04  0.46555556543876E-03
  0.33643753805053E-05  0.58042556504961E-06  0.13228322775474E-02
 -0.46387764120659E-04  0.10446044560024E-03  0.46555556558643E-03
  0.17100859571020E-06  0.23852397513340E-05  0.13135080614141E-02
  0.14730518645164E-05  0.45983551349429E-04  0.25042209747973E-03
 -0.96398257759339E-05  0.29005882175504E-05  0.13189180605586E-02
  0.65742472972326E-04  0.41330747177156E-04  0.34155886839581E-03
  0.77509763127219E-06 -0.11028866504685E-04  0.13172227326245E-02
 -0.54675419866147E-05  0.34592299936614E-05  0.13197457271491E-02
 -0.73800421123139E-05  0.49434595811541E-05  0.13178444183754E-02
 -0.84484351931627E-04  0.22205586974938E-04 -0.38148653493483E-03
 -0.27816459961560E-04 -0.56647498116678E-04 -0.43275821837049E-03
  0.17039727968768E-05 -0.84709306792594E-06 -0.13246361394133E-02
 -0.10361692218987E-03  0.77300887534799E-04 -0.46153925360561E-03
  0.77812529956923E-05 -0.24803431315165E-05 -0.13213789040499E-02
  0.34810183295537E-04  0.23451976553681E-04 -0.23396306639595E-03
 -0.23849272213201E-05 -0.23390798944952E-05 -0.13174927716993E-02
 -0.28803268223533E-05  0.90469892427808E-04 -0.34703896296749E-03
 -0.79711827424616E-05  0.39195739808602E-05 -0.13178444184251E-02
  0.70018728465623E-04  0.15760693195648E-04 -0.27654664472399E-03
  0.86221186134354E-05  0.57370539478396E-05 -0.13159002822544E-02
 -0.15136070957318E-04 -0.12838532997359E-03 -0.46153925422964E-03
 -0.17425863064665E-05  0.79789342457514E-05 -0.13213789037370E-02
 -0.11709236000770E-03 -0.57719385629218E-04 -0.40389180816705E-03
 -0.32253582042832E-05 -0.45027973944919E-05 -0.13177574624138E-02
 -0.95077968667946E-04 -0.74390182693998E-04 -0.45898756776538E-03
 -0.50003369653560E-05  0.32699426770859E-05 -0.13202878446988E-02
 -0.21360203579910E-04 -0.68518344206613E-04 -0.27654664582730E-03
  0.65737529214088E-06 -0.10335501270009E-04 -0.13159002819610E-02
  0.10934414321396E-03  0.71328208763919E-05 -0.46456981745161E-03
 -0.26626535428603E-05 -0.56143806964967E-05 -0.13223894750592E-02
 -0.60849275895191E-04  0.91128395794048E-04 -0.46456981741031E-03
  0.61935229117262E-05  0.50126468844516E-06 -0.13223894751544E-02
 -0.37715099529050E-04  0.18420515021874E-04 -0.23396306624396E-03
  0.32181662114366E-05 -0.89586708023214E-06 -0.13174927715532E-02
  0.16891610052130E-04  0.24286116356634E-04 -0.28857292955703E-03
 -0.91958179664662E-05  0.42954436210251E-05 -0.13170510390049E-02
  0.64790079379418E-04  0.40774319506927E-04 -0.26499497842788E-03
  0.44592997947906E-05  0.45336812860377E-05 -0.13143427559462E-02
 -0.35149942145040E-04  0.52413510226119E-04 -0.43275821862915E-03
  0.61058187724731E-04 -0.28945638640619E-04 -0.25106572506080E-03
 -0.33168481126583E-06 -0.59653896831176E-05 -0.13202878448614E-02
 -0.15294514466549E-05 -0.60241901918909E-05 -0.13159504470935E-02
 -0.11365928153002E-03 -0.12057240239643E-04 -0.46555556489070E-03
  0.11795244968631E-05 -0.32038469267532E-05 -0.13228322774800E-02
 -0.29222412378170E-05 -0.77600025019031E-04 -0.34155886828069E-03
 -0.73318958088004E-05  0.68980396811291E-05 -0.13189180606938E-02
 -0.39086397843005E-04 -0.24267476312266E-04 -0.25042209741165E-03
 -0.19801742769054E-05 -0.13407177079776E-05 -0.13135080613852E-02
  0.58270975667528E-04  0.62763029207473E-04 -0.29101204898425E-03
 -0.26953034960949E-05 -0.73057028866284E-05 -0.13183210134030E-02
  0.37312996480002E-04  0.11553599956725E-03 -0.44109944812764E-03
 -0.57295517310131E-05  0.30054150238785E-05 -0.13197457274460E-02
  0.41359043374059E-05  0.27539456951897E-04 -0.28927854630746E-03
  0.99388272200175E-05  0.48431792662805E-05 -0.13172227327272E-02
  0.29165567181836E-05 -0.76497014244272E-04 -0.26499497794478E-03
  0.16966334112555E-05 -0.61287075491834E-05 -0.13143427559616E-02
  0.92596683728624E-04 -0.49491765321974E-04 -0.46056367259228E-03
 -0.26308837847182E-06 -0.20954191383170E-05 -0.13228822723352E-02
 -0.91427542588937E-04  0.45059952203539E-04 -0.45920960041250E-03
  0.48007003861106E-05 -0.25235474857418E-05 -0.13236012914322E-02
 -0.54614353673586E-05  0.67350761051973E-04 -0.25106572558269E-03
  0.18532989439289E-05 -0.57976796924650E-05 -0.13173264617342E-02
  0.85597264185352E-05  0.13026465089003E-03 -0.40389180800429E-03
 -0.22868575954812E-05  0.50446406391174E-05 -0.13177574626503E-02
  0.12586588884412E-04 -0.26771621763336E-04 -0.28857292906177E-03
  0.83178723372815E-05  0.58160903455341E-05 -0.13170510390141E-02
 -0.40804862142535E-04 -0.10432278852890E-03 -0.43774962346193E-03
 -0.56319194027300E-05  0.72619228650283E-05 -0.13204726411748E-02
 -0.65804727178512E-04 -0.70261154798843E-04 -0.30321265223085E-03
  0.11196277220448E-03 -0.45144845181295E-04 -0.45898756791517E-03
 -0.11838229436194E-06  0.18992300758308E-05 -0.13246361395026E-02
 -0.59475873605190E-05  0.12938357373770E-05 -0.13173264614752E-02
 -0.44523762939894E-05  0.43366389434213E-05 -0.13159504467189E-02
 -0.17100840897595E-06  0.23852399882320E-05 -0.13135080613296E-02
  0.81400612946652E-04 -0.90082002745115E-04 -0.44109944797474E-03
  0.54675420267554E-05  0.34592296743459E-05 -0.13197457274436E-02
 -0.89159468207299E-04 -0.55445197349271E-04 -0.46056367242677E-03
 -0.16831421059534E-05  0.12755509517318E-05 -0.13228822721962E-02
 -0.29478198696603E-04  0.24855047472181E-05 -0.28857292937922E-03
  0.87794575850107E-06 -0.10111533999710E-04 -0.13170510390113E-02
  0.11875299284602E-03  0.51084443597168E-04 -0.46153925353976E-03
 -0.60386663733528E-05 -0.54985908755048E-05 -0.13213789039494E-02
 -0.16884804092826E-04  0.11953502778214E-03 -0.45898756808863E-03
  0.53320216476825E-05  0.26954472077112E-05 -0.13202878448005E-02
 -0.55596752441882E-04 -0.38405122279393E-04 -0.25106572563240E-03
  0.40942889183512E-05  0.45038438402985E-05 -0.13173264616152E-02
 -0.25917821836326E-04 -0.10187929782708E-04 -0.28927854634481E-03
 -0.91637300106151E-05  0.61856874824903E-05 -0.13172227327897E-02
  0.40559449731079E-04 -0.21716075162830E-04 -0.25042209725241E-03
  0.21511825983729E-05 -0.10445223586197E-05 -0.13135080614980E-02
  0.67271517678060E-04 -0.92403205385862E-04 -0.46555556672470E-03
  0.21848510347180E-05  0.26234215706177E-05 -0.13228322772315E-02
 -0.65742472768572E-04  0.41330747736377E-04 -0.34155886833281E-03
  0.96398252571684E-05  0.29005879990945E-05 -0.13189180607396E-02
  0.25218890147431E-04 -0.81845659536656E-04 -0.29101204893794E-03
 -0.49792722675711E-05  0.59870529030147E-05 -0.13183210133886E-02
 -0.67706635976376E-04  0.35722694693516E-04 -0.26499497839807E-03
 -0.61559331292904E-05  0.15950261161482E-05 -0.13143427559346E-02
  0.10853263436517E-03 -0.72545265547064E-04 -0.40389180822605E-03
  0.55122159338337E-05 -0.54184322158369E-06 -0.13177574622970E-02
 -0.14730519914579E-05  0.45983551241400E-04 -0.25042209784518E-03
 -0.27945581118022E-04  0.92119142989799E-04 -0.30321265327540E-03
 -0.23079298396323E-05 -0.97986277357130E-05 -0.13189180607112E-02
  0.26201021014070E-06 -0.64646450150288E-05 -0.13197457270725E-02
  0.79789388687116E-04 -0.42740510223325E-04 -0.34703896395920E-03
  0.73800418690631E-05  0.49434598955968E-05 -0.13178444184240E-02
 -0.48494867507612E-04 -0.98261216883179E-04 -0.46456981758027E-03
 -0.35308693894310E-05  0.51131161757516E-05 -0.13223894751056E-02
 -0.76909061735183E-04 -0.47729382190968E-04 -0.34703896422651E-03
  0.59114081093637E-06 -0.88630336521205E-05 -0.13178444183286E-02
  0.11074861569993E-03  0.16823347397313E-04 -0.43774962365057E-03
 -0.34730499253452E-05 -0.85083467183306E-05 -0.13204726410772E-02
 -0.34372156472442E-05  0.10493696301678E-03 -0.46056367138216E-03
  0.19462299868151E-05  0.81986819684945E-06 -0.13228822726925E-02
 -0.83489865509636E-04  0.19082630336492E-04 -0.29101204839872E-03
  0.76745762269769E-05  0.13186502495278E-05 -0.13183210134631E-02
  0.21781916947346E-04 -0.17351526761709E-04 -0.28927854633086E-03
 -0.77509747855647E-06 -0.11028866537007E-04 -0.13172227327084E-02
  0.84736834815347E-04  0.56648598369266E-04 -0.45920960023487E-03
 -0.45858061506559E-05 -0.28957548613604E-05 -0.13236012913429E-02
 -0.69943753830926E-04  0.87499441800086E-04 -0.43774962333007E-03
  0.91049696691728E-05  0.12464242092506E-05 -0.13204726410422E-02
  0.29049159649156E-05 -0.41872491839697E-04 -0.23396306636450E-03
 -0.83323907938651E-06  0.32349471149291E-05 -0.13174927715221E-02
 -0.48658524283683E-04  0.52757651155717E-04 -0.27654664562842E-03
 -0.92794935857831E-05  0.45984470320124E-05 -0.13159002819412E-02
  0.93750309014419E-04 -0.21857988214716E-04 -0.30321265303289E-03
  0.59818275487253E-05  0.16875514630585E-05 -0.13159504466904E-02
  0.66907080386537E-05 -0.10170855052558E-03 -0.45920959981480E-03
 -0.21489397777305E-06  0.54193023435867E-05 -0.13236012917136E-02
 -0.11871360914082E-03 -0.25453996949138E-04 -0.44109944827440E-03
  0.68664713641244E-04  0.36269277507026E-04 -0.34155886791276E-03
 -0.79789388262313E-04 -0.42740510154136E-04  0.34703896273297E-03
  0.46387764089428E-04  0.10446044559732E-03 -0.46555556492464E-03
  0.83323928388205E-06  0.32349473403698E-05  0.13174927716007E-02
  0.33168508143073E-06 -0.59653899523224E-05  0.13202878450526E-02
 -0.11196277280493E-03 -0.45144844725848E-04  0.45898756761315E-03
 -0.26302861031948E-04  0.10048334985264E-03  0.32944487272770E-03
  0.17425868474184E-05  0.79789342178973E-05  0.13213789041409E-02
  0.15136071301727E-04 -0.12838533069162E-03  0.46153925387716E-03
 -0.17189803995300E-05  0.55014551955722E-05  0.13161327218947E-02
  0.91958182691774E-05  0.42954433528052E-05  0.13170510391127E-02
 -0.16891610107895E-04  0.24286116693013E-04  0.28857293024446E-03
  0.11927617773050E-03 -0.44381155279575E-04  0.41433608729094E-03
 -0.88971544564950E-05 -0.10679229762720E-05  0.13197426526749E-02
 -0.19462307189970E-05  0.81986841378856E-06  0.13228822725118E-02
  0.55868606343572E-05  0.65483517431113E-06  0.13178254159694E-02
 -0.26200982361166E-06 -0.64646453347902E-05  0.13197457275768E-02
  0.11871360923856E-03 -0.25453997216695E-04  0.44109944800726E-03
 -0.28038022045319E-12 -0.12462217824582E-12  0.41123516975888E-03
 -0.21511824759622E-05 -0.10445222502075E-05  0.13135080612626E-02
 -0.40559449726352E-04 -0.21716075308167E-04  0.25042209675684E-03
 -0.11396779300194E-12 -0.64575302353709E-13  0.13252888486164E-02
 -0.20986402037990E-06 -0.94058819447686E-05  0.13170621405181E-02
 -0.14686645678042E-04  0.54926181500388E-04  0.26920644376458E-03
  0.34372155188846E-05  0.10493696299030E-03  0.46056367112185E-03
 -0.10988196526520E-03  0.48461052975241E-04  0.40699591618928E-03
  0.99489762303081E-04  0.66736639575914E-04  0.39498568372219E-03
 -0.18532990898513E-05 -0.57976795558677E-05  0.13173264613010E-02
  0.96909485565744E-04  0.70930047320261E-04  0.40699591614949E-03
  0.37715099318248E-04  0.18420515139848E-04  0.23396306735737E-03
 -0.57920734819823E-05 -0.52733447756026E-05  0.13194789033152E-02
  0.34730503953546E-05 -0.85083469269835E-05  0.13204726411189E-02
 -0.11074861573172E-03  0.16823347148421E-04  0.43774962391076E-03
 -0.21202880865968E-04  0.12548677806633E-03  0.41433608764777E-03
  0.21489379723321E-06  0.54193019948443E-05  0.13236012915187E-02
 -0.66907079249105E-05 -0.10170855088213E-03  0.45920960049924E-03
 -0.33605342342024E-05  0.45109458192376E-05  0.13178254160411E-02
  0.54614350120544E-05  0.67350761404881E-04  0.25106572455815E-03
  0.91637298412718E-05  0.61856872405343E-05  0.13172227325083E-02
  0.88468885835180E-04  0.39916138143512E-05  0.31893792667621E-03
 -0.11795243918032E-05 -0.32038473386037E-05  0.13228322775712E-02
  0.11365928169193E-03 -0.12057240604876E-04  0.46555556576059E-03
  0.19801743915619E-05 -0.13407176298954E-05  0.13135080614694E-02
  0.39086398049683E-04 -0.24267476109398E-04  0.25042209684156E-03
  0.27816459878562E-04 -0.56647498086134E-04  0.43275821854449E-03
 -0.99388273230591E-05  0.48431791071555E-05  0.13172227327914E-02
  0.11838221127656E-06  0.18992301659316E-05  0.13246361394358E-02
 -0.41359044396082E-05  0.27539456795504E-04  0.28927854607597E-03
  0.25917821393956E-04 -0.10187930268263E-04  0.28927854603207E-03
  0.74628872410388E-05 -0.23794099614673E-05  0.13194789032462E-02
 -0.27423801070280E-05 -0.20878952218951E-05  0.13199320888455E-02
 -0.10880210144481E-03 -0.83828798186501E-04  0.46653667453581E-03
 -0.20298748331733E-05 -0.78132209624730E-06  0.13249123478195E-02
 -0.16708139523996E-05  0.76527553979391E-05  0.13194789031708E-02
  0.63499135476796E-04 -0.52403068975027E-05  0.43275535640638E-03
  0.56238902361866E-05 -0.12620465439669E-05  0.13161327220342E-02
  0.10017256433462E-03 -0.27462728954093E-04  0.32944487320875E-03
 -0.98073297100107E-04 -0.81105621996516E-04  0.41433608781734E-03
 -0.22263267453289E-05 -0.51657808113890E-05  0.13178254158929E-02
 -0.67125172614874E-05  0.57176700957918E-05  0.13163365180868E-02
 -0.47691281812072E-04  0.74620495765105E-04  0.31893792635036E-03
  0.12972480085933E-04 -0.11939110033539E-03  0.40699591625895E-03
  0.43570644487735E-04  0.65305036734955E-04  0.31067263690910E-03
  0.70366160055796E-04  0.64460984067618E-04  0.31690897424919E-03
 -0.34499308544675E-05 -0.74509579640884E-05  0.13178821657379E-02
  0.60555811581174E-06 -0.87118576539649E-05  0.13185295745660E-02
 -0.79101208280300E-04 -0.34532069597002E-04  0.38333549700939E-03
  0.96449546372807E-05  0.85769690698468E-04  0.38333549700193E-03
 -0.25696898743454E-05  0.63355472388731E-05  0.13211713167137E-02
 -0.25902316052026E-04 -0.11744785683920E-03  0.45684378640601E-03
 -0.78474689850708E-05  0.38315000211444E-05  0.13185295746035E-02
  0.82506646091288E-05  0.45211934350001E-05  0.13170621405695E-02
 -0.59489258185945E-05 -0.37796152162139E-05  0.13186465952065E-02
 -0.88761670049846E-04  0.81155992323232E-04  0.45684378660130E-03
  0.67715899359681E-05 -0.94235639840396E-06  0.13211713169105E-02
 -0.68664713551011E-04  0.36269278011954E-04  0.34155886826981E-03
  0.35237287836257E-05  0.82391231995787E-05  0.13197426528101E-02
  0.20641769222757E-04 -0.93169374376233E-04  0.31690897421778E-03
  0.80507439457528E-05 -0.11952898084693E-03  0.39498568386297E-03
 -0.29878011055118E-06  0.70417286119899E-05  0.13186465953230E-02
  0.81876959773254E-05  0.12546951885891E-05  0.13187027794832E-02
 -0.61472778406131E-04  0.62062801903644E-04  0.38148653521214E-03
 -0.17039726493335E-05 -0.84709329226148E-06  0.13246361392904E-02
  0.12699891962935E-03 -0.52310984874121E-04  0.46653667448887E-03
  0.35149942112303E-04  0.52413509587821E-04  0.43275821867935E-03
  0.31793604391991E-05 -0.13310233110675E-05  0.13199320889799E-02
  0.32253582438016E-05 -0.45027972338265E-05  0.13177574624845E-02
  0.11709236041448E-03 -0.57719385481313E-04  0.40389180829262E-03
 -0.27211329154298E-04  0.57612017844318E-04  0.43275535669173E-03
 -0.44592998243363E-05  0.45336813507726E-05  0.13143427560244E-02
 -0.64790079375816E-04  0.40774319109577E-04  0.26499497858944E-03
  0.16915819495750E-05 -0.13672620519005E-05  0.13249123478015E-02
 -0.76745761094756E-05  0.13186498849573E-05  0.13183210132604E-02
  0.83489865621808E-04  0.19082630542045E-04  0.29101204892220E-03
 -0.78341143058941E-04  0.50807664231798E-05  0.31067263717307E-03
  0.23079294429286E-05 -0.97986281132192E-05  0.13189180605760E-02
  0.81776842296617E-05  0.73775068688046E-06  0.13178821654882E-02
 -0.32181661214556E-05 -0.89586721406586E-06  0.13174927720817E-02
 -0.70018728216998E-04  0.15760693826003E-04  0.27654664498601E-03
  0.83079064531296E-05  0.29543755136884E-05  0.13163365179336E-02
 -0.40224145766581E-04 -0.40182098538831E-04  0.26920644438363E-03
  0.79711825420913E-05  0.39195735118600E-05  0.13178444184925E-02
  0.26626536337126E-05 -0.56143803531276E-05  0.13223894749160E-02
  0.28803267107476E-05  0.90469891842601E-04  0.34703896277454E-03
 -0.43698045592848E-06  0.34189184171702E-05  0.13199320888773E-02
  0.34770498440493E-04 -0.70385803263531E-04  0.31067263737899E-03
 -0.61935229542690E-05  0.50126483308791E-06  0.13223894752797E-02
  0.60849275996165E-04  0.91128395794653E-04  0.46456981741767E-03
 -0.34810183503181E-04  0.23451976811236E-04  0.23396306713542E-03
 -0.18196818079875E-04  0.13613978317915E-03  0.46653667471218E-03
 -0.47277533713959E-05  0.67132072160124E-05  0.13178821655715E-02
  0.23849267904801E-05 -0.23390799918250E-05  0.13174927720375E-02
 -0.59114105541600E-06 -0.88630331057264E-05  0.13178444184439E-02
  0.92794938758335E-05  0.45984468139634E-05  0.13159002818125E-02
  0.76909061343119E-04 -0.47729381989139E-04  0.34703896282162E-03
 -0.73869703131372E-04 -0.73020620990734E-04  0.32944487343928E-03
  0.62477059179359E-05 -0.32621133448902E-05  0.13186465953813E-02
 -0.91007929601951E-04  0.28708390389442E-04  0.31690897435119E-03
  0.40804862098355E-04 -0.10432278863484E-03  0.43774962394104E-03
 -0.10934414330145E-03  0.71328209536685E-05  0.46456981850594E-03
 -0.36287806607419E-04 -0.52371711445081E-04  0.43275535642639E-03
 -0.53320217162247E-05  0.26954474153200E-05  0.13202878447583E-02
  0.33829269005461E-06  0.21485840879885E-05  0.13249123477688E-02
  0.16884803972450E-04  0.11953502772697E-03  0.45898756810597E-03
  0.72419109481187E-05  0.48803574668549E-05  0.13185295745553E-02
  0.48494867220938E-04 -0.98261216083078E-04  0.46456981802055E-03
  0.26953032642365E-05 -0.73057029984336E-05  0.13183210132633E-02
 -0.59818277558209E-05  0.16875514548735E-05  0.13159504469451E-02
 -0.58270975818600E-04  0.62763029318189E-04  0.29101204917186E-03
  0.26308861757420E-06 -0.20954187739061E-05  0.13228822725000E-02
  0.35308696323843E-05  0.51131159680803E-05  0.13223894749149E-02
  0.69456254066364E-04 -0.51237620792009E-04  0.38333549703271E-03
  0.53734259702136E-05 -0.71712000475829E-05  0.13197426525624E-02
 -0.92596683214623E-04 -0.49491765266565E-04  0.46056367262814E-03
 -0.86221188218258E-05  0.57370543136292E-05  0.13159002820122E-02
  0.56319194731560E-05  0.72619228576308E-05  0.13204726411078E-02
 -0.10754050571530E-03  0.52792342074053E-04  0.39498568397260E-03
 -0.12586588816292E-04 -0.26771621797526E-04  0.28857292937917E-03
  0.48658525362384E-04  0.52757650281028E-04  0.27654664504340E-03
 -0.39049098335579E-05 -0.42394082810985E-05  0.13161327221692E-02
 -0.48007002451232E-05 -0.25235473798568E-05  0.13236012922344E-02
 -0.51804458915325E-05  0.64634051331782E-05  0.13187027797103E-02
 -0.11875299332812E-03  0.51084443512092E-04  0.46153925374392E-03
 -0.23011573336160E-04 -0.84268388999114E-04  0.38148653488634E-03
 -0.37312996640731E-04  0.11553600000708E-03  0.44109944831865E-03
 -0.80408008176158E-05  0.48846886127462E-05  0.13170621407315E-02
 -0.93750308713875E-04 -0.21857987892987E-04  0.30321265198394E-03
  0.57295518717684E-05  0.30054153968551E-05  0.13197457273723E-02
  0.54910791139979E-04 -0.14744082709687E-04  0.26920644441405E-03
  0.15294516431460E-05 -0.60241906836920E-05  0.13159504470954E-02
 -0.29049158195269E-05 -0.41872491529400E-04  0.23396306668102E-03
 -0.16966334409806E-05 -0.61287079122386E-05  0.13143427558850E-02
  0.60386662685460E-05 -0.54985914035842E-05  0.13213789039973E-02
 -0.40777604238899E-04 -0.78612109352701E-04  0.31893792641414E-03
  0.11466398558353E-03  0.36291864844552E-04  0.45684378636064E-03
  0.29222405858769E-05 -0.77600025294480E-04  0.34155886827734E-03
 -0.83178719566084E-05  0.58160904955831E-05  0.13170510392964E-02
 -0.40942885886164E-05  0.45038438378886E-05  0.13173264615356E-02
 -0.42018995005765E-05 -0.53931904236691E-05  0.13211713170225E-02
 -0.15953889693525E-05 -0.86720459648496E-05  0.13163365178625E-02
 -0.30072501852848E-05 -0.77181004272738E-05  0.13187027795407E-02
  0.65804727536608E-04 -0.70261155013940E-04  0.30321265186609E-03
  0.91427542678973E-04  0.45059952189642E-04  0.45920959768764E-03
  0.84484351851313E-04  0.22205587290320E-04  0.38148653542259E-03
 -0.29165568201830E-05 -0.76497014608909E-04  0.26499497847208E-03
  0.73318960447477E-05  0.68980400137786E-05  0.13189180605551E-02
  0.55596752576387E-04 -0.38405122503267E-04  0.25106572450799E-03
  0.24939593892752E-05 -0.40513112374774E-05 -0.13410987779124E-02
 -0.32810322045716E-06  0.96286303677171E-08  0.13406573111472E-02
 -0.13812927472896E-04  0.75379251953629E-05 -0.13373398991160E-02
  0.22615585944927E-05  0.41854877565395E-05 -0.13410987782033E-02
 -0.19924391291061E-04 -0.15127892392186E-04  0.13307834983712E-02
 -0.86992387918399E-13  0.62913260165175E-13 -0.13419585847296E-02
 -0.24847777827907E-04 -0.12433338332726E-04 -0.13312897449318E-02
 -0.68328579525214E-06  0.25148724900304E-04 -0.13308415482179E-02
 -0.12682001697086E-04  0.13669203003640E-04  0.13339632412745E-02
  0.26724284374203E-04 -0.12293859857761E-04  0.13312330946576E-02
  0.18672858947814E-04  0.10735898183793E-05 -0.13350974632470E-02
  0.91952559733013E-05  0.13231604836761E-04  0.13295235947755E-02
 -0.43272154795653E-05 -0.53264006984714E-05  0.13365402476840E-02
  0.99884971099760E-05  0.15077827714202E-04 -0.13291737556392E-02
 -0.91273038371635E-06  0.21765597234014E-04 -0.13331708560678E-02
 -0.10311679157965E-04  0.11066645195264E-04 -0.13330199587729E-02
 -0.58895850246463E-05  0.34223733798583E-05  0.13258900607987E-02
  0.22121077360019E-04 -0.11982619416949E-04 -0.13308415482701E-02
 -0.24491905423802E-05  0.64106783210940E-05  0.13365402477452E-02
  0.73993629959957E-06  0.17524143579137E-04 -0.13361611794661E-02
 -0.44281560218809E-05 -0.14463498323447E-04 -0.13330199587804E-02
  0.17460739661205E-04 -0.13551699695168E-04  0.13326483623448E-02
  0.12154363247856E-04 -0.16541351924398E-04 -0.13355624099608E-02
 -0.47555183524440E-05 -0.13417675049837E-06 -0.13410987779280E-02
  0.59086551904342E-05  0.33893437037549E-05  0.13258900604919E-02
 -0.14836788469348E-04  0.68226445012006E-05 -0.13319846074705E-02
  0.20537997667231E-04 -0.17213672264274E-04 -0.13297629667378E-02
 -0.14518334348922E-05  0.15812396344269E-04  0.13271576143697E-02
 -0.61597579429589E-05  0.28255629602542E-05 -0.13329426314555E-02
  0.14419853144183E-04 -0.66488735272556E-05  0.13271576143188E-02
  0.63286956669539E-06 -0.67472882828933E-05 -0.13329426316173E-02
  0.23191475693222E-04 -0.15302137576616E-04 -0.13312897450018E-02
  0.76669465605247E-06  0.82346619504361E-05  0.13387041038059E-02
  0.13067463839704E-04 -0.75107527811713E-05 -0.13321239486555E-02
  0.67480788088250E-05 -0.47813079616386E-05  0.13387041039992E-02
 -0.12509761400500E-04 -0.96290686562866E-06 -0.13391123378791E-02
 -0.20466486079743E-04 -0.83455940764932E-05  0.13326483625382E-02
  0.80635327219934E-05 -0.16189205664209E-04 -0.13291737558705E-02
 -0.77067452647542E-05  0.15806882395180E-04  0.13313957606348E-02
 -0.21596266460630E-04 -0.52829678938542E-05 -0.13310034333358E-02
  0.74283015635710E-05  0.23726918914437E-05 -0.13389549133940E-02
  0.23063334908011E-04 -0.96910826098558E-05  0.13307834981691E-02
 -0.48021967758773E-05  0.14043403231646E-04  0.13332458980670E-02
  0.70887825962575E-05 -0.10352318238400E-04 -0.13391123376073E-02
  0.82480492224545E-05  0.18796662916336E-04 -0.13355624100939E-02
  0.62229486997971E-05  0.21344399929082E-04 -0.13310034327990E-02
 -0.20402412565199E-04 -0.22553114191510E-05 -0.13355624102397E-02
  0.17542534794141E-04 -0.12292039666326E-05  0.13313957605978E-02
 -0.18052029980962E-04  0.11113784876814E-05 -0.13291737557768E-02
  0.54209790645431E-05  0.11315224715369E-04 -0.13391123377110E-02
  0.55268878542077E-05  0.39217250817904E-05 -0.13329426318165E-02
 -0.13038234585911E-04 -0.75613786441569E-05 -0.13321239491007E-02
  0.15373317598893E-04 -0.16061431494547E-04 -0.13310034328290E-02
 -0.30169986750382E-05  0.25399010642187E-04  0.13333615340328E-02
 -0.20487689537095E-04 -0.15312302496889E-04  0.13333615338801E-02
 -0.25176476607858E-04 -0.91795920292871E-05 -0.13297629666721E-02
 -0.15546321810357E-04 -0.81212682949640E-05 -0.13361611799673E-02
 -0.97608449415506E-05 -0.11180525745372E-04  0.13332458982951E-02
  0.37842790554744E-06 -0.15731308763631E-04 -0.13373398993741E-02
  0.13434498587441E-04  0.81933827237746E-05 -0.13373398991794E-02
  0.13326977585453E-04  0.94377143862645E-05 -0.13319846074914E-02
 -0.17058149008235E-04 -0.17693268969718E-04  0.13316276383029E-02
 -0.18393195288727E-04 -0.11673246596859E-04 -0.13331708563312E-02
  0.16563026040303E-05  0.27735475459805E-04 -0.13312897451700E-02
  0.67764062015285E-05 -0.10842780917584E-05  0.13365402477129E-02
  0.32728798527933E-05 -0.11451584428742E-04  0.13344629969674E-02
  0.14806385585508E-04 -0.94028752785934E-05 -0.13361611797890E-02
 -0.16593393208411E-05 -0.76194441709652E-05 -0.13389549133458E-02
  0.46384788073277E-05  0.26393264381773E-04 -0.13297629665220E-02
 -0.67937459522289E-05  0.23619424646210E-04  0.13316276382067E-02
  0.38798847832621E-05  0.13917068171699E-04  0.13357774997470E-02
  0.10112592150928E-04 -0.10318613279662E-04  0.13357774997111E-02
 -0.24008936508438E-04 -0.16996979348056E-04  0.13312330946522E-02
  0.97608455716115E-05 -0.11180526055789E-04 -0.13332458979603E-02
  0.17239023205410E-06  0.27933185730696E-06  0.13406573113100E-02
  0.19119194223722E-04 -0.40567895492974E-05 -0.13327500018225E-02
  0.21596266648866E-04 -0.52829681749708E-05  0.13310034328186E-02
  0.20466486031228E-04 -0.83455944543097E-05 -0.13326483624260E-02
 -0.46384788497586E-05  0.26393264077324E-04  0.13297629667052E-02
 -0.68612777141084E-05 -0.14579127496667E-04 -0.13295235948252E-02
  0.30169987562014E-05  0.25399010485399E-04 -0.13333615339249E-02
  0.13812927122993E-04  0.75379253883920E-05  0.13373398990997E-02
 -0.17239031206850E-06  0.27933183104125E-06 -0.13406573112145E-02
 -0.15098112038372E-05 -0.16260358127727E-04  0.13319846075081E-02
 -0.18178878325020E-04  0.41483338692197E-05 -0.13339632413572E-02
 -0.14419853183706E-04 -0.66488732487489E-05 -0.13271576142916E-02
 -0.18672859162747E-04  0.10735900956397E-05  0.13350974632727E-02
 -0.10112591444530E-04 -0.10318613050359E-04 -0.13357774995885E-02
  0.44281552515375E-05 -0.14463498844168E-04  0.13330199585236E-02
  0.11553802642224E-04  0.28913949815869E-05 -0.13344629969234E-02
  0.27153473333480E-05  0.29290838750325E-04 -0.13312330947985E-02
  0.14836789062537E-04  0.68226439071652E-05  0.13319846078772E-02
 -0.67480788081020E-05 -0.47813079926237E-05 -0.13387041038699E-02
 -0.16563018280739E-05  0.27735476156907E-04  0.13312897448982E-02
 -0.17542534786100E-04 -0.12292041249332E-05 -0.13313957604993E-02
  0.19924391121347E-04 -0.15127892864416E-04 -0.13307834983599E-02
  0.20402411784268E-04 -0.22553115103577E-05  0.13355624098854E-02
  0.19070290163468E-07 -0.68117168326558E-05 -0.13258900605712E-02
 -0.80635329072333E-05 -0.16189205786126E-04  0.13291737559591E-02
 -0.14563042108699E-04 -0.28628770337562E-05 -0.13332458978828E-02
  0.75147732946687E-05 -0.34533531972676E-05 -0.13387041037110E-02
 -0.14806385477450E-04 -0.94028749601217E-05  0.13361611797556E-02
  0.48021968677851E-05  0.14043402887519E-04 -0.13332458978981E-02
 -0.22615589509422E-05  0.41854877111095E-05  0.13410987781479E-02
  0.24870603168284E-12 -0.77587876275382E-13  0.13419585848888E-02
  0.67937460546840E-05  0.23619425675397E-04 -0.13316276379644E-02
 -0.63286982469530E-06 -0.67472882783440E-05  0.13329426317611E-02
 -0.13434499303183E-04  0.81933831390878E-05  0.13373398997176E-02
 -0.62229491504153E-05  0.21344399727747E-04  0.13310034329306E-02
 -0.15373317970244E-04 -0.16061431648940E-04  0.13310034325790E-02
  0.18052029871337E-04  0.11113783428898E-05  0.13291737560807E-02
  0.13038234717867E-04 -0.75613786451563E-05  0.13321239489229E-02
 -0.12154363017678E-04 -0.16541351424660E-04  0.13355624101385E-02
  0.57689623778125E-05  0.52467522811978E-05  0.13389549133185E-02
  0.91273009059661E-06  0.21765597427895E-04  0.13331708559320E-02
 -0.99884968287349E-05  0.15077827784121E-04  0.13291737556835E-02
  0.25176476177561E-04 -0.91795918582058E-05  0.13297629669917E-02
  0.15546321745215E-04 -0.81212690890197E-05  0.13361611792506E-02
  0.61597575008322E-05  0.28255626301022E-05  0.13329426319252E-02
 -0.20537997404880E-04 -0.17213672171334E-04  0.13297629667181E-02
 -0.82480489383317E-05  0.18796662940512E-04  0.13355624098598E-02
  0.16593394295280E-05 -0.76194442809501E-05  0.13389549134699E-02
 -0.70887824084901E-05 -0.10352317040799E-04  0.13391123374052E-02
  0.29229199444990E-07  0.15072132338399E-04  0.13321239487203E-02
 -0.54209784469085E-05  0.11315224404525E-04  0.13391123378483E-02
 -0.73993620937279E-06  0.17524143231738E-04  0.13361611799392E-02
 -0.37842848246206E-06 -0.15731309037138E-04  0.13373398990156E-02
 -0.55268879474278E-05  0.39217253779711E-05  0.13329426318130E-02
 -0.23191475809035E-04 -0.15302137681261E-04  0.13312897450878E-02
  0.24847777414529E-04 -0.12433338355131E-04  0.13312897452794E-02
 -0.19305925459328E-04 -0.10092351328071E-04  0.13331708559830E-02
  0.47555183374758E-05 -0.13417655399672E-06  0.13410987783646E-02
 -0.22121076913615E-04 -0.11982619095309E-04  0.13308415481848E-02
 -0.13326977623196E-04  0.94377141003831E-05  0.13319846074058E-02
 -0.24939592799690E-05 -0.40513112102284E-05  0.13410987783780E-02
  0.21437791741143E-04 -0.13166105329908E-04  0.13308415480302E-02
  0.10311679123134E-04  0.11066645263374E-04  0.13330199588388E-02
  0.84066732593363E-05 -0.16707965141857E-04  0.13350974632432E-02
  0.43272153984053E-05 -0.53264007429541E-05 -0.13365402480685E-02
 -0.14739835429697E-04  0.33968534731398E-05  0.13330199587490E-02
 -0.23851895412186E-04 -0.59261561491201E-05 -0.13316276378281E-02
  0.77067453112415E-05  0.15806882498274E-04 -0.13313957610563E-02
  0.14563042160604E-04 -0.28628771575049E-05  0.13332458975379E-02
  0.12509761509827E-04 -0.96290706959410E-06  0.13391123375864E-02
 -0.26724284190745E-04 -0.12293859730983E-04 -0.13312330947089E-02
 -0.27153474881273E-05  0.29290838391632E-04  0.13312330946616E-02
  0.54968763052762E-05 -0.17817537163605E-04 -0.13339632414764E-02
  0.18178878405225E-04  0.41483340209472E-05  0.13339632414156E-02
  0.16056533849372E-04  0.13475226453500E-05 -0.13295235946426E-02
 -0.60463142300655E-05  0.18586103012792E-04 -0.13327500014719E-02
  0.68612780631801E-05 -0.14579127604721E-04  0.13295235947113E-02
 -0.13072880248418E-04 -0.14529313446723E-04 -0.13327500012734E-02
 -0.19119194651739E-04 -0.40567895273988E-05  0.13327500016855E-02
 -0.17460739292745E-04 -0.13551699299167E-04 -0.13326483626575E-02
  0.20487688742982E-04 -0.15312302386745E-04 -0.13333615339483E-02
 -0.54968763652556E-05 -0.17817537253909E-04  0.13339632411348E-02
  0.14518333483051E-05  0.15812396132908E-04 -0.13271576143510E-02
  0.82809230369776E-05  0.85601893093213E-05  0.13344629970005E-02
 -0.76669486578529E-06  0.82346619257027E-05 -0.13387041036031E-02
 -0.57689622063743E-05  0.52467517011219E-05 -0.13389549137311E-02
 -0.31389434153063E-05  0.24818974676807E-04  0.13307834981266E-02
 -0.29229335006224E-07  0.15072131841114E-04 -0.13321239489159E-02
  0.23851894811736E-04 -0.59261558134390E-05  0.13316276383179E-02
  0.19305925181463E-04 -0.10092350860251E-04 -0.13331708559898E-02
 -0.21437792161639E-04 -0.13166105514282E-04 -0.13308415483027E-02
 -0.19069645914860E-07 -0.68117174435311E-05  0.13258900606212E-02
 -0.84066727084922E-05 -0.16707965311081E-04 -0.13350974629285E-02
 -0.11553802907685E-04  0.28913950616438E-05  0.13344629970276E-02
 -0.10266185901425E-04  0.15634374647564E-04 -0.13350974628345E-02
  0.14739835625116E-04  0.33968533794108E-05 -0.13330199586496E-02
 -0.98357891671290E-05 -0.14577678498987E-04  0.13313957605303E-02
 -0.38798855988311E-05  0.13917067686490E-04 -0.13357774996235E-02
  0.32810302696811E-06  0.96284291464656E-08 -0.13406573113136E-02
 -0.13992476792889E-04 -0.35984547049855E-05  0.13357775001055E-02
  0.60463145680178E-05  0.18586102979320E-04  0.13327500016653E-02
  0.98357886327515E-05 -0.14577678181416E-04 -0.13313957604850E-02
  0.12968020263466E-04 -0.91635220208293E-05 -0.13271576146092E-02
  0.30057461689263E-05  0.21897293800940E-04  0.13326483626540E-02
  0.24008936450041E-04 -0.16996979089893E-04 -0.13312330948813E-02
  0.23504687920344E-04 -0.10086707864256E-04  0.13333615338634E-02
 -0.59086551321766E-05  0.33893435817948E-05 -0.13258900604029E-02
 -0.67764054817140E-05 -0.10842781065389E-05 -0.13365402483787E-02
 -0.12968020105167E-04 -0.91635226733590E-05  0.13271576141903E-02
  0.24491908278007E-05  0.64106791826361E-05 -0.13365402483113E-02
 -0.75147736515199E-05 -0.34533541025316E-05  0.13387041040161E-02
  0.31389440015031E-05  0.24818974842122E-04 -0.13307834984909E-02
  0.13992477050854E-04 -0.35984545248468E-05 -0.13357774995705E-02
 -0.74283019965424E-05  0.23726920889440E-05  0.13389549134991E-02
  0.15098115030009E-05 -0.16260358186171E-04 -0.13319846074156E-02
 -0.23504687018734E-04 -0.10086707849021E-04 -0.13333615339554E-02
  0.12682001309040E-04  0.13669203483626E-04 -0.13339632411450E-02
 -0.32728798057930E-05 -0.11451584274500E-04 -0.13344629968999E-02
  0.18393194999527E-04 -0.11673246260520E-04  0.13331708561071E-02
 -0.23063334951444E-04 -0.96910824324008E-05 -0.13307834983459E-02
  0.68328592045430E-06  0.25148725377603E-04  0.13308415483042E-02
  0.17058149478986E-04 -0.17693269512239E-04 -0.13316276380165E-02
  0.58895845073911E-05  0.34223742033470E-05 -0.13258900606691E-02
  0.10266185717970E-04  0.15634375049262E-04  0.13350974629780E-02
 -0.82809222694724E-05  0.85601894261080E-05 -0.13344629968357E-02
 -0.16056533669402E-04  0.13475225386852E-05  0.13295235947065E-02
 -0.15571324379002E-06 -0.28896063357700E-06 -0.13406573113450E-02
 -0.30057465934133E-05  0.21897293781827E-04 -0.13326483623206E-02
  0.15571348719199E-06 -0.28896024366279E-06  0.13406573114334E-02
 -0.91952559620926E-05  0.13231604137423E-04 -0.13295235951518E-02
 -0.13067463712555E-04 -0.75107531942124E-05  0.13321239487608E-02
  0.13072880501888E-04 -0.14529313865863E-04  0.13327500016720E-02
