  0.25000149715933E-05 -0.27598657514659E-05  0.13253778926889E-02
 -0.95555963891502E-04  0.25664060044730E-04 -0.28748474780459E-03
 -0.23752935207739E-04  0.17769957494959E-04 -0.13204139546130E-02
  0.36021811782722E-04  0.15879875495091E-04 -0.24305414827212E-03
 -0.86088974359182E-05  0.78595992745431E-05 -0.13258577644956E-02
  0.57210000670518E-04 -0.12584029659867E-04 -0.16291704852294E-03
  0.11111060726624E-04  0.35257235322995E-05 -0.13258577655743E-02
 -0.39503089387684E-04 -0.43253299489385E-04 -0.16291704733247E-03
  0.17373466480537E-04  0.61920787591130E-05 -0.13241279306548E-02
  0.29281138580758E-05 -0.13268765379503E-04 -0.13235954819266E-02
 -0.10478841951826E-03 -0.13111113085180E-04 -0.38981372335644E-03
 -0.86115570074860E-04  0.50720424494506E-04 -0.44210002651296E-03
 -0.14049230909776E-04  0.11949825524133E-04 -0.13241279321759E-02
  0.63748766135516E-04 -0.84193878221632E-04 -0.38981372481207E-03
  0.10027030329297E-04  0.91702043063929E-05 -0.13235954804830E-02
  0.25552253508344E-04 -0.95585922893769E-04 -0.28748474803764E-03
  0.27265700975734E-04  0.11685664962957E-04 -0.13204139559273E-02
 -0.42585296202061E-05 -0.39135742054987E-04 -0.24305415011154E-03
  0.22484340622856E-04  0.17073435949171E-04 -0.13193380653283E-02
  0.10223614945673E-04  0.92235217061178E-05 -0.13247183189930E-02
 -0.26994005742524E-04  0.74707111071884E-04 -0.39029338465719E-03
 -0.17706910764122E-04  0.55837328327282E-04 -0.16291704982652E-03
  0.70003710999254E-04  0.69921862579826E-04 -0.28748474651811E-03
  0.10027029195943E-04 -0.91702054975583E-05  0.13235954802784E-02
  0.63748765024031E-04  0.84193878166694E-04  0.38981372483501E-03
 -0.14049230574380E-04 -0.11949824105168E-04  0.13241279308236E-02
  0.78217781896592E-04  0.29011664645442E-04  0.33795401131539E-03
  0.22762147083683E-04 -0.50561436946269E-06  0.13174497154820E-02
  0.84348511425592E-04  0.10709071733023E-03  0.45386488716739E-03
  0.40998500309521E-05 -0.24222353400070E-05  0.13236189780545E-02
 -0.86738970999480E-06  0.99938482706558E-04  0.44210003530843E-03
 -0.25021627266824E-05 -0.11385323013217E-04 -0.13258577650620E-02
 -0.13099613376265E-04 -0.42421475605879E-05  0.13247183137898E-02
  0.11401072650429E-05  0.35450087614037E-05  0.13253778901117E-02
  0.37716299728362E-05 -0.59089174039970E-04  0.38856906159330E-03
  0.25000147240592E-05  0.27598661952824E-05 -0.13253778904345E-02
 -0.41476406607477E-05  0.23394556401692E-05 -0.13236189783186E-02
  0.50569023028745E-04  0.12659331425095E-03 -0.45386488436571E-03
 -0.33242366723119E-05 -0.18141903133741E-04 -0.13241279314424E-02
  0.41039654234586E-04  0.97304989826155E-04 -0.38981372435388E-03
 -0.12955144926688E-04  0.40985610370513E-05 -0.13235954821664E-02
  0.49286912094457E-04  0.32810911936260E-04  0.38856906014859E-03
  0.56193396131071E-05  0.16813404694216E-04 -0.13209620293835E-02
 -0.36724371360942E-04  0.12965709191366E-03 -0.46370405921465E-03
 -0.13099612043870E-04  0.42421475551528E-05 -0.13247183187067E-02
  0.35438593439725E-05 -0.28008727537153E-04 -0.13193380647720E-02
  0.78195256307660E-04 -0.13976060177392E-04 -0.39029338374209E-03
 -0.50623719834109E-05 -0.25417981445502E-04 -0.13116281494257E-02
  0.20474345161723E-04 -0.73671971840504E-04 -0.22579161798234E-03
 -0.20034929165499E-04 -0.54360133292043E-05 -0.13116795707997E-02
 -0.55165118224419E-04 -0.73877042843782E-04 -0.30479369660245E-03
 -0.26028199885099E-04  0.10935291018210E-04 -0.13193380659766E-02
 -0.51201252723431E-04 -0.60731049275291E-04 -0.39029338498589E-03
  0.86982960464619E-04  0.49218061126812E-04 -0.44210003490917E-03
 -0.35127671573562E-05 -0.29455623053259E-04 -0.13204139554218E-02
 -0.10943197751988E-04 -0.19965405534476E-04 -0.13174497157814E-02
 -0.64233731849048E-04 -0.53232756412221E-04 -0.33795401205854E-03
 -0.17370503822015E-04 -0.35402095784747E-05 -0.13209620286885E-02
 -0.93924149926088E-04 -0.96632785011942E-04 -0.46370405874159E-03
  0.47792606310701E-07 -0.47616912065256E-05 -0.13236189787230E-02
 -0.13491753887629E-03 -0.19502597831743E-04 -0.45386488369653E-03
 -0.36401223043361E-05  0.78514392144867E-06 -0.13253778931182E-02
 -0.53058539959884E-04 -0.26278259872717E-04 -0.38856906078230E-03
 -0.31763281502728E-04  0.23255866583640E-04 -0.24305414874077E-03
  0.28759972476246E-05 -0.13465672820237E-04 -0.13247183168708E-02
 -0.74038969924050E-04  0.19104682842204E-04 -0.22579161762111E-03
 -0.19481432260539E-04  0.17093131458133E-04 -0.13116281486696E-02
 -0.86738994967346E-06 -0.99938484501132E-04 -0.44210002496402E-03
  0.40998481514970E-05  0.24222351109330E-05 -0.13236189788211E-02
  0.84348513533852E-04 -0.10709071536295E-03 -0.45386488341190E-03
  0.22762147918670E-04  0.50561415318151E-06 -0.13174497158078E-02
  0.78217781970114E-04 -0.29011666443605E-04 -0.33795401281868E-03
  0.24543802626121E-04  0.83248483960195E-05 -0.13116281483683E-02
  0.53564626232237E-04  0.54567287110782E-04 -0.22579161949099E-03
  0.53097391603572E-05  0.20068764215425E-04 -0.13116795696202E-02
 -0.36396838151814E-04  0.84712914457380E-04 -0.30479369600618E-03
 -0.11818950219410E-04  0.19459789886129E-04 -0.13174497166959E-02
 -0.13984052531895E-04  0.82244420470023E-04 -0.33795401188636E-03
  0.11401070342590E-05 -0.35450096466428E-05 -0.13253778920742E-02
  0.49286911294768E-04 -0.32810912457838E-04 -0.38856906181239E-03
  0.11751164258378E-04 -0.13273192042965E-04 -0.13209620284090E-02
  0.13064852265252E-03 -0.33024307666133E-04 -0.46370405852723E-03
  0.14725189428025E-04 -0.14632750624953E-04 -0.13116795705566E-02
  0.91561954691517E-04 -0.10835870555643E-04 -0.30479369498261E-03
  0.27586713731213E-12  0.38091981209874E-12 -0.13057538015261E-02
  0.12330415542027E-12  0.58651419860511E-12 -0.13518114093681E-03
  0.25552254909634E-04  0.95585923935039E-04  0.28748474680741E-03
  0.27265701482364E-04 -0.11685665345730E-04  0.13204139561213E-02
  0.37716285845705E-05  0.59089170993923E-04 -0.38856906315407E-03
 -0.64233730663319E-04  0.53232755600425E-04  0.33795401158851E-03
 -0.19481431688260E-04 -0.17093132511220E-04  0.13116281480885E-02
  0.29281143835501E-05  0.13268765828067E-04  0.13235954807863E-02
 -0.95555963917623E-04 -0.25664060980199E-04  0.28748474685619E-03
 -0.50623707470288E-05  0.25417981671145E-04  0.13116281483915E-02
 -0.11067674239042E-11  0.49864657490061E-12  0.13518114020900E-03
 -0.13491753887599E-03  0.19502598354605E-04  0.45386488501707E-03
  0.70688271776862E-13 -0.49539796736965E-12  0.13057538019117E-02
 -0.36401196197548E-05 -0.78514416356400E-06  0.13253778911409E-02
 -0.53058540145677E-04  0.26278258948920E-04  0.38856906397277E-03
 -0.41476414976440E-05 -0.23394573831502E-05  0.13236189784091E-02
  0.91561955162847E-04  0.10835869443987E-04  0.30479369386613E-03
  0.50569025283956E-04 -0.12659331304448E-03  0.45386488462275E-03
  0.14725188912659E-04  0.14632751340892E-04  0.13116795705599E-02
 -0.33242354443114E-05  0.18141903582259E-04  0.13241279312068E-02
  0.41039653315374E-04 -0.97304988367299E-04  0.38981372520890E-03
  0.13064852339616E-03  0.33024307939531E-04  0.46370405883239E-03
 -0.35127671592489E-05  0.29455623293152E-04  0.13204139556000E-02
  0.78195259089364E-04  0.13976061443812E-04  0.39029338356274E-03
 -0.20034929265202E-04  0.54360120467702E-05  0.13116795712794E-02
  0.35438594641167E-05  0.28008727409888E-04  0.13193380665327E-02
 -0.55165116999434E-04  0.73877044411322E-04  0.30479369457421E-03
  0.86982961133711E-04 -0.49218060263708E-04  0.44210003404691E-03
  0.28759984156975E-05  0.13465671519283E-04  0.13247183155491E-02
 -0.74038970031705E-04 -0.19104682684322E-04  0.22579161761614E-03
 -0.93924149813164E-04  0.96632784478817E-04  0.46370405847849E-03
 -0.17370503989730E-04  0.35402071988605E-05  0.13209620287360E-02
 -0.51201253847836E-04  0.60731049135936E-04  0.39029338475103E-03
 -0.42585317239059E-05  0.39135743155143E-04  0.24305414920761E-03
 -0.10943198489832E-04  0.19965405357958E-04  0.13174497154953E-02
  0.11751162374826E-04  0.13273193037766E-04  0.13209620285120E-02
 -0.31763281832494E-04 -0.23255867636002E-04  0.24305414942673E-03
 -0.26028200477953E-04 -0.10935290780200E-04  0.13193380661503E-02
 -0.17706911020340E-04 -0.55837328366760E-04  0.16291704928584E-03
  0.47791275003317E-07  0.47616906505995E-05  0.13236189784038E-02
 -0.25021634358696E-05  0.11385323770787E-04  0.13258577648661E-02
  0.22484339821254E-04 -0.17073434254793E-04  0.13193380660813E-02
 -0.26994005979300E-04 -0.74707112445910E-04  0.39029338420676E-03
 -0.36724372400574E-04 -0.12965709176465E-03  0.46370405804342E-03
  0.56193408842681E-05 -0.16813401157325E-04  0.13209620278017E-02
 -0.23752934935020E-04 -0.17769957291795E-04  0.13204139544819E-02
  0.36021813044961E-04 -0.15879874763426E-04  0.24305414899071E-03
 -0.13984053574010E-04 -0.82244421906008E-04  0.33795401296066E-03
 -0.86088965326298E-05 -0.78595984468432E-05  0.13258577656496E-02
  0.57210000937765E-04  0.12584028734103E-04  0.16291704838798E-03
 -0.11818949385196E-04 -0.19459790163843E-04  0.13174497159611E-02
  0.11111060424544E-04 -0.35257244722758E-05  0.13258577667461E-02
 -0.39503089986158E-04  0.43253299643063E-04  0.16291704812612E-03
 -0.36396837566271E-04 -0.84712913335801E-04  0.30479369886491E-03
  0.17373467211896E-04 -0.61920791569680E-05  0.13241279309169E-02
 -0.10478841916978E-03  0.13111112256404E-04  0.38981372441523E-03
  0.20474343840779E-04  0.73671969862094E-04  0.22579161764132E-03
  0.70003710491354E-04 -0.69921862376947E-04  0.28748474696838E-03
  0.53564625735984E-04 -0.54567287203965E-04  0.22579161870468E-03
 -0.86115570275829E-04 -0.50720424151291E-04  0.44210003356332E-03
  0.10223613804411E-04 -0.92235242260297E-05  0.13247183148178E-02
  0.24543803774062E-04 -0.83248498991550E-05  0.13116281474394E-02
  0.53097395894369E-05 -0.20068764220778E-04  0.13116795707751E-02
 -0.12955144572120E-04 -0.40985617552892E-05  0.13235954810751E-02
  0.50591976087385E-06  0.31176218424078E-05 -0.13040802501171E-02
 -0.38805627234184E-04  0.43012072484821E-05 -0.13627642589137E-02
  0.13756919649048E-04  0.87497528581125E-05  0.13713270262197E-02
 -0.56126975502077E-05  0.13598463227474E-04 -0.13424824266001E-02
 -0.35979178940392E-04 -0.54956853035010E-05 -0.13309090474113E-02
  0.15677858609716E-04  0.35757263534670E-04  0.13627642592692E-02
  0.92714766018779E-12 -0.12055954258577E-11 -0.12862646674433E-02
  0.69904846965443E-06 -0.16288718067300E-04  0.13713270272556E-02
 -0.16374073296193E-04 -0.12986109223462E-04 -0.13038619895037E-02
  0.13756919172508E-04 -0.87497529452596E-05 -0.13713270265308E-02
 -0.14455968221375E-04  0.75389652691421E-05  0.13713270274902E-02
  0.28444497276605E-04  0.35778070610284E-04 -0.13595232102051E-02
 -0.14455968425584E-04 -0.75389663114363E-05 -0.13713270268976E-02
  0.16762469907886E-04  0.42522693308923E-04  0.13595232094885E-02
  0.13230185632081E-04  0.33906726541459E-04 -0.13309090470186E-02
  0.69904760102689E-06  0.16288720368306E-04 -0.13713270257324E-02
  0.15677859927284E-04 -0.35757263043527E-04 -0.13627642590113E-02
 -0.45206967582024E-04 -0.67446186628865E-05  0.13595232113547E-02
  0.16762471209662E-04 -0.42522691840248E-04 -0.13595232110426E-02
 -0.35979176885802E-04  0.54956870863020E-05  0.13309090456788E-02
  0.14582962505053E-04 -0.19384908187818E-05 -0.13424824235590E-02
 -0.29528998123886E-05 -0.11206703389783E-05 -0.13040802483931E-02
  0.23127768353741E-04  0.31456055854511E-04 -0.13627642587919E-02
 -0.38805627565455E-04 -0.43012072665346E-05  0.13627642587137E-02
  0.22748993020215E-04  0.28411040443936E-04  0.13309090465131E-02
 -0.89702656599118E-05  0.11659968818991E-04  0.13424824244362E-02
 -0.38520368167105E-04 -0.20876627056511E-04  0.13578232849302E-02
 -0.56126970573684E-05 -0.13598461683849E-04  0.13424824257610E-02
  0.37339872652996E-04 -0.22921305419842E-04  0.13578232867119E-02
  0.28237029478904E-04  0.48274069240864E-04 -0.13576290017143E-02
  0.37160956267689E-04  0.16017820291535E-04  0.13403471665618E-02
  0.37339871253621E-04  0.22921303269206E-04 -0.13578232871163E-02
  0.37160955309776E-04 -0.16017820413308E-04 -0.13403471670265E-02
 -0.30592594744958E-05 -0.20673418392324E-04  0.13038619890322E-02
  0.26844667935097E-04  0.11630945739541E-04 -0.13305884872123E-02
 -0.47086395339394E-05 -0.40191242252442E-04  0.13403471670650E-02
  0.19433335889919E-04 -0.76873078380332E-05 -0.13038619885475E-02
  0.27688057710986E-04 -0.48591020382784E-04 -0.13576290028258E-02
 -0.88317451231124E-12 -0.54209491135054E-12  0.12862646661967E-02
 -0.16374074491028E-04  0.12986106834274E-04  0.13038619876488E-02
  0.19693312966416E-04  0.18398999561661E-04  0.13641006703673E-02
 -0.33496386043656E-05  0.29063634773519E-04  0.13305884885396E-02
 -0.32452317389292E-04  0.24173422751636E-04  0.13403471661491E-02
  0.27688056506027E-04  0.48591018771722E-04  0.13576290020771E-02
 -0.55925084095860E-04 -0.31694978986673E-06  0.13576290027324E-02
 -0.23495028350424E-04 -0.17432689167901E-04  0.13305884880099E-02
  0.11804949695890E-05  0.43797930045562E-04  0.13578232867905E-02
 -0.25780659275211E-04  0.78554093018214E-05  0.13641006694861E-02
  0.60873456153016E-05 -0.26254409124824E-04  0.13641006694031E-02
  0.22748992598167E-04 -0.28411039717883E-04 -0.13309090464394E-02
  0.19693312982423E-04 -0.18399000363043E-04 -0.13641006692673E-02
  0.60873451047665E-05  0.26254411581104E-04 -0.13641006689160E-02
 -0.89702620074378E-05 -0.11659969161155E-04 -0.13424824233680E-02
 -0.29529026536583E-05  0.11206739113530E-05  0.13040802498267E-02
 -0.45206968271167E-04  0.67446195082600E-05 -0.13595232104635E-02
 -0.55925085477238E-04  0.31694956622846E-06 -0.13576290026592E-02
  0.14582962078332E-04  0.19384935611865E-05  0.13424824240390E-02
 -0.32452319357197E-04 -0.24173425217095E-04 -0.13403471652662E-02
  0.23127768323043E-04 -0.31456056221841E-04  0.13627642585937E-02
 -0.33496371906844E-05 -0.29063633783869E-04 -0.13305884891704E-02
  0.24469807153819E-05 -0.19969488155092E-05 -0.13040802491860E-02
  0.28237028452963E-04 -0.48274070088521E-04  0.13576290021343E-02
  0.28444498590020E-04 -0.35778070850405E-04  0.13595232098405E-02
  0.26844666694630E-04 -0.11630946726744E-04  0.13305884873819E-02
 -0.38520368112395E-04  0.20876625979256E-04 -0.13578232861121E-02
 -0.25780658201301E-04 -0.78554092772065E-05 -0.13641006682878E-02
  0.19433335956491E-04  0.76873116973749E-05  0.13038619877103E-02
  0.11804976640022E-05 -0.43797928457762E-04 -0.13578232863433E-02
  0.50592002522219E-06 -0.31176237130347E-05  0.13040802487631E-02
 -0.30592604281372E-05  0.20673417019503E-04 -0.13038619887340E-02
 -0.47086383138087E-05  0.40191244597586E-04 -0.13403471663910E-02
  0.13230187175427E-04 -0.33906724881091E-04  0.13309090471169E-02
 -0.23495027191497E-04  0.17432690127652E-04 -0.13305884885964E-02
  0.24469808090333E-05  0.19969494623401E-05  0.13040802490030E-02
