 -0.10576879793455E-04  0.33636833123723E-05  0.13186089931934E-02
  0.71119481501384E-05  0.94470442955971E-05 -0.13191613777050E-02
 -0.70075217589939E-04 -0.40338979490241E-04 -0.27486101840769E-03
 -0.41109144206091E-06  0.50515682153173E-05 -0.13208337705888E-02
  0.84016021266733E-04 -0.76151745429692E-04 -0.43461326676645E-03
 -0.30437455250344E-05  0.85077719273860E-05 -0.13134106290032E-02
 -0.49713988740577E-04  0.85498359337884E-04 -0.31749162519269E-03
  0.57119932733676E-05 -0.96376567606588E-05 -0.13122497338125E-02
  0.41249722459002E-04 -0.71296458222954E-04 -0.26675560722144E-03
  0.46254062970297E-05 -0.10882650004948E-04 -0.13191613777660E-02
  0.10302798703594E-06  0.80856407831783E-04 -0.27486101844178E-03
 -0.11737354287141E-04  0.14356053844418E-05 -0.13191613780705E-02
  0.69972189133802E-04 -0.40517428820257E-04 -0.27486101940029E-03
 -0.12246970356483E-04 -0.11327914390214E-05 -0.13225100315573E-02
 -0.39658007959753E-04 -0.10960640479117E-03 -0.46727624664463E-03
  0.10153681902147E-04  0.12719281373021E-04 -0.13205925433301E-02
 -0.91853261785764E-04  0.27683083943740E-04 -0.40641299560317E-03
  0.74882522654959E-05  0.79572894299502E-05 -0.13163895469545E-02
  0.79308045838531E-04  0.79309062804164E-05 -0.32325760134806E-03
  0.71045115849736E-05 -0.10039791417157E-04 -0.13225100316836E-02
  0.11475093383968E-03  0.20458360273437E-04 -0.46727624658804E-03
 -0.41692406054583E-05 -0.28817997410963E-05 -0.13208337704964E-02
  0.23941336440033E-04  0.11083588111273E-03 -0.43461326704085E-03
 -0.11202452999529E-04 -0.12790280794711E-06 -0.13122497336438E-02
 -0.82369405789375E-04 -0.75079063323896E-07 -0.26675560753962E-03
  0.31470882795392E-05 -0.10463660979957E-04 -0.13163895468409E-02
 -0.10795735651816E-03 -0.34684135998094E-04 -0.43461326766255E-03
  0.45803319373565E-05 -0.21697692474805E-05 -0.13208337706390E-02
  0.10719336373200E-03 -0.21250310679706E-04 -0.39027128486543E-03
  0.95531405500368E-05 -0.11749106547951E-04 -0.13173079875761E-02
 -0.75092926769963E-04 -0.89148043998644E-04  0.46727624683991E-03
  0.51424592153233E-05 -0.11172583310515E-04  0.13225100310900E-02
 -0.46522388374467E-04 -0.64717328020628E-04  0.32325759987457E-03
 -0.10635340059929E-04 -0.25063719593405E-05  0.13163895467310E-02
  0.21952376359600E-04  0.93388800000382E-04  0.40641299606911E-03
 -0.16092061347455E-04 -0.24337060131491E-05  0.13205925435746E-02
 -0.49713988617646E-04 -0.85498359289050E-04  0.31749162450981E-03
 -0.30437458894992E-05 -0.85077720249561E-05  0.13134106290648E-02
 -0.71999991479370E-04  0.82207020470465E-04  0.39027128515676E-03
 -0.14951594594426E-04  0.23987092167269E-05  0.13173079877996E-02
  0.29111340249361E-05  0.51980776844320E-04  0.42544535861427E-03
 -0.48465576979318E-05 -0.53558018682901E-06  0.13266054785018E-02
 -0.32785656983615E-04 -0.72648234168799E-04 -0.32325760111877E-03
  0.69896363574473E-04 -0.97756565936708E-04  0.46722118987013E-03
 -0.78938572496384E-05 -0.10123169387448E-03  0.45651576673384E-03
  0.71741473508736E-06 -0.15694209514286E-05  0.13240461320877E-02
  0.57368108284628E-04 -0.41006385649163E-04  0.29623815709484E-03
  0.71741507992171E-06  0.15694207823363E-05 -0.13240461319351E-02
 -0.17178660383425E-05 -0.16341071988103E-06 -0.13240461322954E-02
 -0.83722290244816E-04 -0.57452127301335E-04 -0.45651576720767E-03
 -0.58460738563984E-05 -0.68898470380399E-05 -0.13134106291146E-02
 -0.49186756534954E-04 -0.85802757190567E-04 -0.31749162456152E-03
  0.51424586222309E-05  0.11172583296948E-04 -0.13225100319074E-02
 -0.75092927417180E-04  0.89148043893335E-04 -0.46727624708228E-03
  0.54904589237052E-05  0.97655598753050E-05 -0.13122497332500E-02
  0.41119682587882E-04  0.71371537390249E-04 -0.26675560649889E-03
  0.20429237140510E-05  0.96924533979641E-05  0.13235478302989E-02
  0.45803316006759E-05  0.21697684158596E-05  0.13208337704118E-02
  0.82014752940688E-05 -0.74780057570044E-05 -0.13186089935909E-02
 -0.16571342291851E-05  0.48119702833563E-05 -0.13193452043951E-02
  0.45451417658699E-04  0.33431955558206E-04 -0.23514877980814E-03
 -0.16092061906853E-04  0.24337057807143E-05 -0.13205925432427E-02
  0.21952376784353E-04 -0.93388799891331E-04 -0.40641299544424E-03
  0.73724486892324E-05  0.66154509720694E-05 -0.13235478300913E-02
 -0.11960785044949E-03  0.11653743110376E-04 -0.46722118870755E-03
  0.88102470200656E-05  0.13988127733975E-04 -0.13167412735492E-02
 -0.58332590222058E-05  0.17646492908634E-04 -0.27932361218408E-03
  0.79623737342899E-05 -0.30193338336860E-05 -0.13186652382000E-02
  0.13572069191496E-03 -0.18486620718148E-04 -0.44980910025978E-03
  0.20429240321385E-05 -0.96924537103802E-05 -0.13235478298780E-02
  0.69896362928671E-04  0.97756567031754E-04 -0.46722118993033E-03
 -0.10635340636762E-04  0.25063722943124E-05 -0.13163895466864E-02
 -0.46522388909451E-04  0.64717328476764E-04 -0.32325760092884E-03
  0.49958554395597E-05 -0.97086456308761E-06 -0.13193452045179E-02
 -0.51678631964875E-04  0.22646105002565E-04 -0.23514878031980E-03
 -0.83046585782725E-05  0.52218262665373E-05 -0.13209766835994E-02
  0.54564287985106E-04 -0.10850152083960E-03 -0.38868262532939E-03
 -0.48465577656830E-05  0.53558037146991E-06 -0.13266054806156E-02
  0.29111340859438E-05 -0.51980776450203E-04 -0.42544535174872E-03
  0.59383796861866E-05 -0.15152986977505E-04 -0.13205925431597E-02
  0.69900884894982E-04  0.65705715521007E-04 -0.40641299590482E-03
 -0.10576879878939E-04 -0.33636829555724E-05 -0.13186089936855E-02
  0.57368108323324E-04  0.41006385808239E-04 -0.29623815687089E-03
 -0.14951594540844E-04 -0.23987094921247E-05 -0.13173079875901E-02
 -0.71999990026434E-04 -0.82207021138836E-04 -0.39027128548851E-03
 -0.33387213747855E-05 -0.38411051969013E-05 -0.13193452042354E-02
  0.18198940284465E-04 -0.37714961932664E-05 -0.27932361233507E-03
  0.77089506768333E-05 -0.14623961210731E-04 -0.13167412736273E-02
 -0.30917405175239E-12  0.40569453933378E-13 -0.22620425209998E-03
  0.62272133248263E-05 -0.56078060139917E-04 -0.23514878028950E-03
 -0.94153736113452E-05  0.30770027152635E-05 -0.13235478300644E-02
  0.49711488345087E-04 -0.10941030972216E-03 -0.46722118838075E-03
  0.28871054236381E-05  0.39294524047860E-05 -0.13266054795887E-02
 -0.46472240511290E-04  0.23469273270673E-04 -0.42544535639730E-03
  0.53984539779439E-05  0.14147815874114E-04 -0.13173079873985E-02
 -0.35193373207840E-04  0.10345733125150E-03 -0.39027128466717E-03
  0.88898197541521E-05 -0.16179249346936E-05 -0.13134106293905E-02
  0.98900745778027E-04  0.30439774632367E-06 -0.31749162472073E-03
 -0.36990376528366E-06 -0.98029579957056E-05 -0.13209766835340E-02
  0.66682929999739E-04  0.10150481993213E-03 -0.38868262508670E-03
 -0.16519197343950E-04  0.63583375358280E-06 -0.13167412735576E-02
 -0.64196625679712E-04  0.29179046030768E-04 -0.29623815709360E-03
 -0.12365681542994E-04 -0.13874997160922E-04 -0.27932361213948E-03
 -0.83870229117666E-04 -0.10829425622704E-03 -0.44980909948968E-03
  0.86745625607087E-05  0.45811328097531E-05 -0.13209766833752E-02
 -0.12124721728341E-03  0.69967016470145E-05 -0.38868262517529E-03
  0.23754051487797E-05  0.10841688146308E-04 -0.13186089934173E-02
  0.68285174425847E-05 -0.70185432231282E-04 -0.29623815627050E-03
  0.10004508307565E-05 -0.14060098844650E-05 -0.13240461321027E-02
  0.91616146829047E-04 -0.43779566095245E-04 -0.45651576708421E-03
  0.19594525163414E-05 -0.44650321520629E-05 -0.13266054788449E-02
  0.43561106075751E-04  0.28511504621826E-04 -0.42544535880638E-03
 -0.13663671044778E-05  0.84052851404379E-05 -0.13186652382827E-02
 -0.51850463224098E-04  0.12678087782738E-03 -0.44980909917158E-03
 -0.41169501425243E-12  0.10961277466297E-12 -0.13093470769618E-02
 -0.65960064841532E-05 -0.53859511286948E-05 -0.13186652381120E-02
 -0.10795735682217E-03  0.34684135687303E-04  0.43461326628816E-03
 -0.78938571386897E-05  0.10123169432698E-03 -0.45651576715941E-03
  0.57119938062473E-05  0.96376576025226E-05  0.13122497332265E-02
 -0.32785656467715E-04  0.72648234518013E-04  0.32325760048031E-03
  0.31470883270644E-05  0.10463661083177E-04  0.13163895471119E-02
 -0.11960785119674E-03 -0.11653743679536E-04  0.46722118944224E-03
  0.73724487022708E-05 -0.66154507494734E-05  0.13235478303499E-02
 -0.51850462572949E-04 -0.12678087682094E-03  0.44980910023328E-03
 -0.13663670160745E-05 -0.84052841561064E-05  0.13186652379417E-02
 -0.12365681338378E-04  0.13874996915329E-04  0.27932361298511E-03
 -0.16519197440667E-04 -0.63583354480121E-06  0.13167412733254E-02
  0.49711488363940E-04  0.10941030952780E-03  0.46722118895973E-03
 -0.94153736403804E-05 -0.30770019572944E-05  0.13235478300453E-02
  0.53984542580236E-05 -0.14147815745369E-04  0.13173079874159E-02
 -0.82369405377744E-04  0.75078916622376E-07  0.26675560656250E-03
 -0.11202452832015E-04  0.12790282260779E-06  0.13122497331678E-02
 -0.39658007298415E-04  0.10960640528652E-03  0.46727624770615E-03
 -0.12246969960577E-04  0.11327919591006E-05  0.13225100311099E-02
  0.43561105699787E-04 -0.28511504515981E-04  0.42544535198407E-03
  0.19594526624696E-05  0.44650326890814E-05  0.13266054805851E-02
  0.66682929896413E-04 -0.10150481967031E-03  0.38868262541223E-03
 -0.36990410366529E-06  0.98029586485823E-05  0.13209766835694E-02
  0.62272135736561E-05  0.56078059901025E-04  0.23514878145074E-03
 -0.16571340950408E-05 -0.48119704122376E-05  0.13193452042461E-02
  0.23941335740271E-04 -0.11083588091177E-03  0.43461326713969E-03
 -0.41692411406813E-05  0.28817996882224E-05  0.13208337704845E-02
  0.88898195206096E-05  0.16179250468757E-05  0.13134106291261E-02
  0.98900745498981E-04 -0.30439763923233E-06  0.31749162425115E-03
  0.28871049237822E-05 -0.39294516621295E-05  0.13266054797173E-02
 -0.46472240737473E-04 -0.23469272275295E-04  0.42544535735432E-03
  0.91616146800684E-04  0.43779566159097E-04  0.45651576696551E-03
  0.10004510193193E-05  0.14060105937237E-05  0.13240461320580E-02
  0.45451418136326E-04 -0.33431955605125E-04  0.23514878069804E-03
 -0.33387211691890E-05  0.38411054907604E-05  0.13193452045870E-02
  0.68285176485173E-05  0.70185432158784E-04  0.29623815753688E-03
  0.23754045693588E-05 -0.10841688198922E-04  0.13186089931622E-02
  0.54564287760507E-04  0.10850152168514E-03  0.38868262476352E-03
 -0.83046595676565E-05 -0.52218254670068E-05  0.13209766835058E-02
  0.13572069157077E-03  0.18486620587202E-04  0.44980909954148E-03
  0.79623732833175E-05  0.30193343797562E-05  0.13186652376880E-02
  0.18198940366187E-04  0.37714959515722E-05  0.27932361197668E-03
  0.69972188690341E-04  0.40517429435646E-04  0.27486101999636E-03
  0.77089509361111E-05  0.14623961599800E-04  0.13167412730639E-02
  0.86745631055541E-05 -0.45811331336219E-05  0.13209766834308E-02
  0.69900884958741E-04 -0.65705715706599E-04  0.40641299596013E-03
  0.59383798645806E-05  0.15152986773007E-04  0.13205925434735E-02
 -0.51678631461953E-04 -0.22646105025447E-04  0.23514878140205E-03
  0.49958552944816E-05  0.97086460259934E-06  0.13193452046803E-02
 -0.58332594108421E-05 -0.17646492894278E-04  0.27932361222891E-03
  0.88102468086766E-05 -0.13988128034593E-04  0.13167412733752E-02
  0.32436686541325E-13  0.62729136483951E-12  0.22620425124105E-03
 -0.20695907133671E-12 -0.10422122916104E-12  0.13093470764376E-02
 -0.83870229233132E-04  0.10829425655356E-03  0.44980910009521E-03
 -0.65960064539370E-05  0.53859507441018E-05  0.13186652379965E-02
 -0.12124721765956E-03 -0.69967011198858E-05  0.38868262432298E-03
 -0.11737354030849E-04 -0.14356054946640E-05  0.13191613777799E-02
 -0.35193373181888E-04 -0.10345733170615E-03  0.39027128474028E-03
 -0.70075217648395E-04  0.40338978155369E-04  0.27486102044373E-03
 -0.91853262121630E-04 -0.27683084538152E-04  0.40641299550429E-03
 -0.58460737872687E-05  0.68898473043726E-05  0.13134106292724E-02
 -0.49186755870546E-04  0.85802757424730E-04  0.31749162375235E-03
  0.11475093408972E-03 -0.20458360565784E-04  0.46727624685368E-03
  0.82014749056219E-05  0.74780048913867E-05  0.13186089934098E-02
 -0.83722290262606E-04  0.57452127493425E-04  0.45651576747398E-03
 -0.17178661888908E-05  0.16341070430876E-06  0.13240461318964E-02
  0.54904595380210E-05 -0.97655600502644E-05  0.13122497330005E-02
 -0.64196626385615E-04 -0.29179046287299E-04  0.29623815642655E-03
  0.71045118906374E-05  0.10039791823297E-04  0.13225100314906E-02
  0.95531404829047E-05  0.11749105615176E-04  0.13173079876824E-02
  0.79308044804099E-04 -0.79309060607434E-05  0.32325760052639E-03
  0.10719336441135E-03  0.21250310652153E-04  0.39027128509705E-03
  0.41119682036138E-04 -0.71371537387690E-04  0.26675560650728E-03
  0.71119479807284E-05 -0.94470436450804E-05  0.13191613782624E-02
  0.41249723373492E-04  0.71296458930204E-04  0.26675560666572E-03
  0.84016020666824E-04  0.76151745594178E-04  0.43461326689620E-03
  0.46254061237456E-05  0.10882649697224E-04  0.13191613777773E-02
 -0.41109174850947E-06 -0.50515684832346E-05  0.13208337705884E-02
  0.74882520344774E-05 -0.79572891063109E-05  0.13163895471172E-02
  0.10153681299658E-04 -0.12719281055516E-04  0.13205925435286E-02
  0.10302840031881E-06 -0.80856408148387E-04  0.27486101950402E-03
 -0.11809988208932E-04 -0.32779147786027E-05 -0.13277327270180E-02
  0.12128780203135E-05  0.13467083162936E-04  0.13359582848782E-02
  0.18181625859632E-04  0.82735724545880E-05  0.13373520208676E-02
  0.21120154773019E-05 -0.31751772130637E-05 -0.13391068884882E-02
 -0.63991497344693E-05 -0.26437264644303E-04  0.13339814740462E-02
  0.87437509112389E-05  0.85887925234648E-05  0.13277327274484E-02
 -0.22277834815045E-04  0.21375662919434E-04  0.13340326170991E-02
 -0.73729497731528E-05 -0.29981003065335E-04  0.13340326170936E-02
 -0.35972757225957E-05 -0.77361310314595E-05  0.13388823309367E-02
  0.29650785037594E-04 -0.86053404305520E-05 -0.13340326170627E-02
 -0.11747687653874E-04 -0.11479321199359E-04  0.13357787489102E-02
 -0.73729497417186E-05  0.29981003475001E-04 -0.13340326168012E-02
  0.21282166213819E-04 -0.14094088369615E-05  0.13335238104916E-02
 -0.21181193243889E-04  0.85353776696872E-05  0.13351179946935E-02
 -0.94205000459689E-05 -0.19135601368167E-04 -0.13335238107923E-02
  0.15815227746597E-04  0.44341355056507E-05 -0.13357787486696E-02
 -0.49010470389217E-05  0.69833975327298E-05  0.13388823318213E-02
  0.31987444278002E-05 -0.22611138894632E-04  0.13351179952848E-02
  0.21282166947198E-04  0.14094082836728E-05 -0.13335238104757E-02
 -0.17087496146371E-04  0.13927289179404E-04  0.13338099713962E-02
  0.74472258897739E-05 -0.86571783750222E-05 -0.13359843731265E-02
  0.26153980064962E-04  0.12888306535858E-04  0.13310303599200E-02
 -0.35176387154168E-05 -0.21761850655733E-04  0.13338099718076E-02
  0.87437512750545E-05 -0.85887930006979E-05 -0.13277327268640E-02
 -0.94204996036455E-05  0.19135600836610E-04  0.13335238106348E-02
 -0.19153889110898E-05  0.29094164335513E-04 -0.13310303597381E-02
  0.93285660742287E-05  0.62637194030179E-05  0.13352440122084E-02
 -0.38057916480162E-05 -0.24146969438484E-06 -0.13391068888073E-02
  0.74472252102770E-05  0.86571789080605E-05  0.13359843717187E-02
 -0.16255937066750E-04  0.11608963709567E-04  0.13373520206887E-02
 -0.22277836397333E-04 -0.21375664399994E-04 -0.13340326162249E-02
  0.11056397591715E-04 -0.77839247310702E-05  0.13359582847262E-02
 -0.38057905699733E-05  0.24146985626126E-06  0.13391068877564E-02
 -0.19877869905713E-04  0.68958684981083E-06 -0.13319269911994E-02
  0.26153980150686E-04 -0.12888307079394E-04 -0.13310303595896E-02
  0.10536134203206E-04 -0.16869946697427E-04  0.13319269916385E-02
 -0.10088823768318E-04  0.49469147640446E-05  0.13352440117338E-02
  0.10536133953175E-04  0.16869946491721E-04 -0.13319269912907E-02
  0.37737238834674E-05  0.10778075344757E-04 -0.13359843722412E-02
 -0.11809988563977E-04  0.32779133689618E-05  0.13277327268828E-02
 -0.11747687879273E-04  0.11479321216429E-04 -0.13357787488825E-02
 -0.40675385788657E-05 -0.15913457018564E-04 -0.13357787487601E-02
 -0.11861666424109E-04 -0.17726192558052E-04  0.13335238106095E-02
 -0.12269275098848E-04 -0.56831583947320E-05  0.13359582848186E-02
 -0.12269274718677E-04  0.56831589974126E-05 -0.13359582850040E-02
  0.76025788499824E-06 -0.11210634723044E-04  0.13352440119905E-02
 -0.19256881941161E-05  0.19882535919699E-04 -0.13373520205314E-02
 -0.63991495061672E-05  0.26437265237116E-04 -0.13339814738821E-02
  0.20605134327422E-04 -0.78345613456635E-05 -0.13338099719204E-02
 -0.19256897879042E-05 -0.19882537220791E-04  0.13373520195221E-02
  0.22997669045367E-04  0.59123559083389E-06 -0.13310227717244E-02
  0.30662378774885E-05 -0.11866707150882E-04  0.13277327266851E-02
  0.21120149051310E-05  0.31751773052672E-05  0.13391068889334E-02
 -0.35176378746614E-05  0.21761850768783E-04 -0.13338099714991E-02
 -0.35972761314140E-05  0.77361305110466E-05 -0.13388823320728E-02
 -0.10088823947917E-04 -0.49469157243979E-05 -0.13352440118135E-02
  0.29650787008557E-04  0.86053392925973E-05  0.13340326161417E-02
  0.12128776164906E-05 -0.13467082939442E-04 -0.13359582849341E-02
 -0.17087496336298E-04 -0.13927289781352E-04 -0.13338099717142E-02
  0.93417354600501E-05  0.17559533191597E-04  0.13319269913046E-02
 -0.49010478791774E-05 -0.69833975514595E-05 -0.13388823311181E-02
  0.37737244057824E-05 -0.10778075681266E-04  0.13359843727337E-02
 -0.10986809758555E-04 -0.20212184659935E-04 -0.13310227713117E-02
  0.17982449286650E-04  0.14075763072118E-04  0.13351179956408E-02
 -0.21181193112066E-04 -0.85353756892213E-05 -0.13351179956078E-02
 -0.12010860308588E-04  0.19620947736648E-04 -0.13310227714256E-02
  0.20605134872709E-04  0.78345607062041E-05  0.13338099717444E-02
  0.31987430257586E-05  0.22611140725948E-04 -0.13351179944022E-02
 -0.24238591138783E-04  0.16205858650821E-04  0.13310303599480E-02
 -0.11861666894613E-04  0.17726192883369E-04 -0.13335238105229E-02
 -0.12010860146116E-04 -0.19620948285358E-04  0.13310227717312E-02
 -0.19695768024816E-04  0.18760458573425E-04  0.13339814737798E-02
 -0.10986809153706E-04  0.20212184146249E-04  0.13310227712393E-02
  0.26094917235336E-04  0.76768059318754E-05  0.13339814738880E-02
 -0.19695767612596E-04 -0.18760457956813E-04 -0.13339814734412E-02
  0.26094917595153E-04 -0.76768063903809E-05 -0.13339814736347E-02
 -0.11220948538881E-04 -0.21208967792224E-05 -0.13359843722267E-02
 -0.19153893723564E-05 -0.29094165141136E-04  0.13310303596269E-02
  0.16937760803581E-05  0.34166473115369E-05 -0.13391068879934E-02
  0.93967319429628E-13 -0.38509850158327E-12 -0.13383581553530E-02
  0.22997669259994E-04 -0.59123644604689E-06  0.13310227716335E-02
  0.93417361995588E-05 -0.17559533439469E-04 -0.13319269916783E-02
 -0.19877869451023E-04 -0.68958663879469E-06  0.13319269914920E-02
 -0.11220949013958E-04  0.21208969854316E-05  0.13359843726463E-02
  0.30662369547823E-05  0.11866707259998E-04 -0.13277327270718E-02
 -0.40675399664582E-05  0.15913456569732E-04  0.13357787484814E-02
  0.76025777145560E-06  0.11210634416055E-04 -0.13352440118990E-02
  0.84983238134245E-05  0.75273258600708E-06  0.13388823314034E-02
  0.17982449245744E-04 -0.14075762698518E-04 -0.13351179951789E-02
  0.15815227403322E-04 -0.44341357241338E-05  0.13357787485397E-02
  0.18181627970019E-04 -0.82735725773725E-05 -0.13373520202065E-02
  0.84983234676935E-05 -0.75273341977053E-06 -0.13388823311794E-02
  0.16937766272997E-05 -0.34166473479177E-05  0.13391068882267E-02
 -0.16255937529102E-04 -0.11608963958080E-04 -0.13373520204058E-02
  0.93285665458782E-05 -0.62637202103085E-05 -0.13352440121116E-02
 -0.24238591043045E-04 -0.16205858912073E-04 -0.13310303592882E-02
  0.11056397580234E-04  0.77839241348289E-05 -0.13359582851036E-02
  0.23975348686041E-12  0.25724513989311E-12  0.13383581552196E-02
