  0.29997715990053E-05 -0.10505615137437E-05  0.13271159457244E-02
 -0.27706749272022E-05 -0.13645290053235E-05 -0.13270269395869E-02
  0.77447032266494E-04 -0.50552167614967E-04 -0.41735553999880E-03
  0.21528596195971E-11 -0.55419055311152E-12 -0.13272173595561E-02
 -0.22207515255938E-11  0.68052958428461E-12 -0.35119253010853E-03
 -0.90506351594321E-07  0.10921080879831E-04 -0.13263696980118E-02
 -0.70185604661640E-04  0.56303576580019E-04 -0.41924557210441E-03
  0.73708946416228E-06  0.23465579064951E-04 -0.13223385087339E-02
  0.11589681026781E-03 -0.71104865612491E-04 -0.43919554882549E-03
 -0.93558556034927E-04  0.87516484172349E-04 -0.44968313297987E-03
 -0.27851649979181E-04  0.56212003185854E-04 -0.21672950636299E-03
 -0.12992868291799E-04 -0.14790954848882E-05 -0.13278947332495E-02
  0.42824956900374E-04  0.40064804130497E-04 -0.12354636151703E-03
 -0.25555903979478E-04  0.20958828827528E-05 -0.13272502372019E-02
  0.73188421289899E-04  0.28974709443983E-05 -0.30189050814955E-03
 -0.20134140150061E-04 -0.21768701607152E-05 -0.13259638584867E-02
  0.48237427868524E-04 -0.88865657235669E-04 -0.45213280219540E-03
  0.27364775018061E-05  0.20561350529740E-04 -0.13150508714761E-02
 -0.94126801047671E-05 -0.55389210264710E-05 -0.13263696941269E-02
 -0.48138978985371E-05  0.58274106652112E-05 -0.13263819744135E-02
 -0.35730423544356E-05  0.98433102980443E-05 -0.13280080832120E-02
 -0.26397378155856E-05 -0.70826633872702E-05 -0.13263819727498E-02
  0.36302166703672E-05  0.13592201319155E-03 -0.43919554793385E-03
 -0.21523654340308E-04  0.45066992857391E-05 -0.13234008817224E-02
  0.93133607019676E-05  0.77194356757684E-04 -0.30250036782508E-03
  0.14664744125351E-04  0.16386680581414E-04 -0.13234008828038E-02
  0.62195594139103E-04 -0.46662784167070E-04 -0.30250036854112E-03
  0.12501777640825E-04  0.25332451821526E-05 -0.13240798600396E-02
  0.50876353410866E-04 -0.43777969775471E-04 -0.19520888121782E-03
  0.12853736606740E-03 -0.11508894642123E-04 -0.45384552807039E-03
  0.83853130487884E-04  0.32630724139197E-04 -0.41924557784948E-03
  0.25670559073092E-05 -0.17172091054590E-05 -0.13270269425130E-02
  0.50559450173652E-05  0.92347184075854E-04 -0.41735553878936E-03
 -0.84447438399201E-05  0.95602343392556E-05 -0.13240798590705E-02
 -0.54301689545741E-04  0.11707107373769E-03 -0.45384552796962E-03
 -0.18569117095708E-04  0.15944101740572E-04 -0.13182516895516E-02
 -0.79457663370082E-04  0.37916660697452E-04 -0.31242756579885E-03
  0.95031836800168E-05 -0.53821592166969E-05 -0.13263696975532E-02
  0.52841200313944E-04  0.86207665866144E-04 -0.45213280797934E-03
 -0.13667524877561E-04 -0.88934303109668E-04 -0.41924558746756E-03
 -0.82502975653238E-04 -0.41795011691725E-04 -0.41735553871475E-03
  0.17633420882682E-04  0.22772912184264E-04 -0.13230894737130E-02
  0.30594301151544E-04 -0.38768434786186E-04 -0.22831311492030E-03
  0.17766746013873E-04  0.99068175148996E-05 -0.13215980400269E-02
  0.92846573466575E-04  0.12069122531169E-05 -0.37625420851036E-03
 -0.28431782394160E-05  0.23455615198550E-06 -0.13260482971879E-02
 -0.12589550036757E-04  0.13241413693127E-03 -0.45694877221567E-03
 -0.17462927821563E-04  0.10433042610258E-04 -0.13215980408540E-02
 -0.34084926284134E-04 -0.64831769941950E-04 -0.30189050668344E-03
 -0.47468504587944E-04  0.79804034627678E-04 -0.37625420960499E-03
 -0.73543037122543E-04 -0.13169383507768E-05 -0.21518252413174E-03
 -0.19174891729834E-04 -0.79108166798733E-05 -0.13150508702747E-02
 -0.34755197414536E-04 -0.52226235967969E-04 -0.21672950607968E-03
 -0.45234408582152E-05 -0.24053376956498E-04 -0.13182516888733E-02
  0.68920388414558E-05 -0.87770686910806E-04 -0.31242756538999E-03
  0.68589110754623E-05 -0.20893383673389E-04 -0.13234008829817E-02
 -0.71508951721541E-04 -0.30531574419496E-04 -0.30250036741041E-03
 -0.25892728911029E-04  0.98714572779331E-05 -0.13165138558084E-02
  0.20362069892480E-06  0.30817384240475E-05 -0.13270269445673E-02
  0.14593038524487E-04  0.21084120075579E-04 -0.13272502374933E-02
  0.74536350830571E-05  0.12552541254375E-05 -0.13263819724327E-02
  0.81818459664770E-05  0.18525112525648E-04 -0.13259638579323E-02
 -0.10107863008672E-03  0.26579869602901E-05 -0.45213280582684E-03
  0.15387887128006E-04  0.29801652141605E-04 -0.13221679813535E-02
 -0.11980948467690E-04  0.44761878020767E-04 -0.31091828743594E-03
  0.21495298696402E-04  0.17488028340654E-04 -0.13165138567228E-02
  0.35631018517760E-04  0.64348607268076E-04 -0.21518252701132E-03
 -0.11348320803780E-04 -0.36677319488752E-05 -0.13260732429429E-02
 -0.11952702633110E-03 -0.64817146188788E-04 -0.43919554691317E-03
  0.19184035443127E-04  0.10457091915857E-03 -0.33175198537265E-03
  0.18277299037225E-04  0.45879658873115E-04 -0.22831311692948E-03
 -0.33502928506018E-04 -0.15745231347349E-05 -0.13221679813987E-02
 -0.32774447587684E-04 -0.32756743165045E-04 -0.31091828803830E-03
 -0.20690335232330E-04 -0.11094452014729E-04 -0.13223385075571E-02
 -0.29012218878720E-04 -0.12478232739812E-03 -0.44968313429234E-03
 -0.40570360867367E-05 -0.12093478289791E-04 -0.13240798575239E-02
 -0.74235681865232E-04 -0.10556217969908E-03 -0.45384552733693E-03
 -0.28538630661813E-04  0.38845341362148E-05 -0.13230894716709E-02
  0.10311078923522E-04 -0.18273084879141E-05 -0.13280080835361E-02
  0.11952296677153E-04 -0.16348243133383E-04 -0.13259638568934E-02
  0.19953243557866E-04 -0.12371130307168E-04 -0.13223385082044E-02
 -0.25882917717957E-04  0.31916508525019E-04  0.23444766848060E-03
 -0.20274505248161E-04  0.25637841865490E-04  0.13199665824834E-02
  0.76997148999414E-05  0.23942039779558E-04  0.80856111455062E-04
  0.92476321957118E-06 -0.58965962435172E-05  0.13281076439643E-02
 -0.45013079244634E-04  0.68474172344059E-04  0.21483195891280E-03
  0.19489755838634E-04  0.39952828491014E-07  0.13259490840475E-02
  0.40150233295259E-04  0.33483247119713E-04  0.26521405127000E-03
 -0.71238230997365E-05  0.27966003273250E-04  0.13201564342212E-02
  0.26866364019394E-04  0.89771404460472E-05  0.13197876791814E-02
  0.13277772887843E-04  0.15929345733030E-04  0.13149072324051E-02
 -0.13678871574716E-04  0.54347809533704E-04  0.14538547506297E-03
 -0.12439733714613E-04  0.12986337270197E-04  0.13129755742612E-02
 -0.65014047264160E-04  0.11671469723620E-04  0.18753186553928E-03
  0.16592503651416E-04  0.42952937398126E-05  0.13283183553796E-02
 -0.20552327634795E-04  0.17435935524683E-04  0.26272470323611E-03
  0.32307036257480E-04  0.13328623986161E-05  0.13242795537418E-02
  0.64356914111518E-04  0.17937388898319E-04  0.20676423656899E-03
  0.67345958208163E-04 -0.29024040065269E-04  0.23131021833301E-03
  0.45942287788017E-04  0.79245919449523E-04  0.34677669069810E-03
  0.88427006309967E-04  0.87724111770521E-04  0.43185631742809E-03
 -0.20427879961705E-04  0.12200972662763E-03  0.45812163615101E-03
 -0.45142058553506E-05 -0.86680615423816E-05  0.13266130838869E-02
  0.43187435007046E-04  0.99134080800424E-04  0.43280804879045E-03
  0.21647142759182E-05  0.68384533756962E-05  0.13261066147915E-02
  0.99981280356656E-04  0.59389857373715E-04  0.46090353157839E-03
 -0.32470475928628E-05  0.18567453064637E-04  0.13249789527389E-02
  0.51232532419895E-04 -0.10345199832190E-04  0.37485426858068E-03
  0.94613999982268E-05  0.17430267792334E-04  0.13212524919858E-02
 -0.13331128998443E-04  0.26043504695580E-04  0.13256516185691E-02
 -0.13619340428985E-04  0.20785825776693E-04  0.13266639496114E-02
  0.68651750170657E-04  0.28323539572427E-04  0.20162573533528E-03
 -0.11191384950478E-04 -0.22187606795974E-04  0.13266639496695E-02
  0.12605143108652E-04  0.98976275320754E-04  0.33306373443840E-03
 -0.33747176560425E-06 -0.14018510851857E-04  0.13273018410676E-02
  0.92023846219713E-05  0.12233862343212E-03  0.41762220879839E-03
  0.11814564078738E-04  0.27670569225639E-05  0.13247216352507E-02
 -0.97969703769422E-05 -0.73615929174331E-04  0.20162573714072E-03
  0.12257077609384E-03  0.37265845682701E-04 -0.44968313491121E-03
  0.29422005583395E-04  0.15499398435604E-05  0.13172267674457E-02
  0.59809712371819E-05 -0.59316261454093E-05  0.13113912386271E-02
  0.43974292804602E-05 -0.27359488242267E-04 -0.13165138563756E-02
  0.37912021366575E-04 -0.63031668602699E-04 -0.21518252352118E-03
  0.10905211487908E-04 -0.26657445669948E-04 -0.13230894730514E-02
 -0.48871600564847E-04 -0.71112231068736E-05 -0.22831311595072E-03
  0.77773691783227E-05 -0.10512606016601E-04 -0.13278947330198E-02
 -0.56109615425685E-04  0.17055097448322E-04 -0.12354636054986E-03
  0.16438413440532E-04 -0.12650534646366E-04 -0.13150508707687E-02
 -0.10015308884831E-03 -0.35671597300786E-04 -0.33175198566851E-03
  0.62606845870832E-04 -0.39857659800424E-05 -0.21672950503544E-03
  0.44755398498334E-04 -0.12005133905359E-04 -0.31091828680616E-03
  0.10962866306402E-04 -0.23180003079553E-04 -0.13272502367423E-02
 -0.39103495367876E-04  0.61934296730375E-04 -0.30189050778399E-03
 -0.67380356117262E-05 -0.80160010317724E-05 -0.13280080819537E-02
  0.12474656160443E-04  0.65949197702317E-04 -0.19520887761035E-03
  0.23092555861071E-04  0.81092741562935E-05 -0.13182516895096E-02
  0.72565626125711E-04  0.49854023439042E-04 -0.31242756612621E-03
  0.18115040732140E-04 -0.28227125509964E-04 -0.13221679820455E-02
  0.35119521830953E-05 -0.23277148395075E-04  0.10482267036978E-03
  0.88505099107467E-05 -0.79940674651697E-05 -0.13260732429258E-02
 -0.30381826876611E-06 -0.20339861784879E-04 -0.13215980398289E-02
 -0.92311184714433E-04 -0.56984148860476E-04  0.42336295988010E-03
  0.18592707754478E-04  0.19235006765318E-05  0.13267271516145E-02
  0.10704815322235E-04 -0.91685957605513E-04  0.42429894032807E-03
  0.27603679643014E-04 -0.53980826332371E-05  0.13239749151996E-02
  0.16795438844656E-04 -0.99579713687552E-04  0.34832669013625E-03
  0.16891077895015E-04 -0.16492849026032E-04  0.13185597569629E-02
 -0.40782755255465E-04 -0.85269944771422E-04  0.43190808563581E-03
 -0.45378070224068E-04 -0.81010949980931E-04 -0.37625420949907E-03
  0.11314948641475E-04 -0.31330555865774E-05  0.13266141099198E-02
  0.11922949768943E-04 -0.10263561476509E-04  0.13241788667952E-02
  0.31578383906836E-04 -0.42378665535395E-04  0.37560334195740E-03
  0.24096949748230E-05 -0.20725961467392E-05 -0.13271159465139E-02
 -0.29997692721942E-05 -0.10505583736898E-05 -0.13271159446769E-02
 -0.31578386137237E-04 -0.42378667123570E-04 -0.37560335222390E-03
  0.12184598390431E-05 -0.25795422142261E-05 -0.13260482968221E-02
 -0.10837922810076E-03 -0.77109937066671E-04 -0.45694877366020E-03
  0.40197473483708E-04 -0.12347173302682E-03  0.46372291058033E-03
 -0.15888770906014E-04 -0.24566849063006E-04  0.13256516202458E-02
 -0.63351008337814E-04 -0.22171229620244E-04 -0.19520888197830E-03
  0.13284659718712E-04 -0.57119900916620E-04 -0.12354636109549E-03
  0.12439733055799E-04  0.12986336887905E-04 -0.13129755740510E-02
  0.13678871112884E-04  0.54347811068508E-04 -0.14538547195718E-03
 -0.24810723924454E-04  0.14017802660788E-05 -0.13266639505867E-02
  0.58854777164866E-04  0.45292391437866E-04 -0.20162573545670E-03
 -0.29219901032182E-04 -0.14766565535610E-05 -0.13256516193316E-02
  0.34575474776582E-04 -0.39196073445560E-04 -0.37485426876621E-03
 -0.17703411030291E-04 -0.64717017335590E-05 -0.13249789532037E-02
 -0.45942288250411E-04  0.79245916422853E-04 -0.34677668791926E-03
 -0.14424864808901E-05 -0.11628126127472E-03 -0.46090352965893E-03
 -0.64258915475708E-04 -0.86968455065670E-04 -0.43280804791163E-03
  0.52496579507741E-05  0.82434462633270E-05 -0.13266130857228E-02
 -0.11587746750377E-03 -0.43313798440742E-04 -0.45812163502430E-03
  0.13331130514603E-04  0.26043505073953E-04 -0.13256516200056E-02
 -0.51232530801188E-04 -0.10345202959430E-04 -0.37485426876712E-03
  0.20274505093665E-04  0.25637841611484E-04 -0.13199665826703E-02
  0.25882915869222E-04  0.31916507753458E-04 -0.23444766904896E-03
 -0.48399195935834E-05 -0.52939217348863E-05 -0.13261066125299E-02
 -0.32340273996720E-04  0.47393161005704E-05 -0.13199665829783E-02
  0.71238223257731E-05  0.27966001155434E-04 -0.13201564342455E-02
  0.32470487225412E-05  0.18567458100567E-04 -0.13249789497134E-02
 -0.94614014094956E-05  0.17430264926148E-04 -0.13212524941264E-02
 -0.88427005872956E-04  0.87724115478112E-04 -0.43185631702743E-03
 -0.13277772708868E-04  0.15929345627701E-04 -0.13149072317977E-02
 -0.64356913707559E-04  0.17937387780993E-04 -0.20676423598220E-03
 -0.59809719011351E-05 -0.59316248590836E-05 -0.13113912413002E-02
 -0.35119515665104E-05 -0.23277150760686E-04 -0.10482266889319E-03
 -0.46442192697286E-05  0.37491667760160E-05 -0.13281076442917E-02
 -0.99981280611901E-04  0.59389857561807E-04 -0.46090352978885E-03
  0.24584272512746E-04 -0.53028712698097E-05 -0.80856112773786E-04
  0.92018540184140E-04 -0.38571764521299E-04 -0.33306373379665E-03
 -0.97638663975804E-05  0.42461195552771E-06 -0.13266130836557E-02
  0.95449585405086E-04 -0.78695923280888E-04 -0.45812162964210E-03
 -0.42198351162395E-05 -0.24814833696191E-05 -0.13270897028474E-02
  0.20268435103737E-04 -0.45247740591980E-04 -0.37562814446501E-03
 -0.39109381831973E-07  0.48952263134619E-05 -0.13270897034095E-02
 -0.49319912171277E-04  0.50708877397418E-05 -0.37562813370753E-03
 -0.12309121056522E-04  0.67169965911851E-05 -0.13273018410542E-02
 -0.43187432894542E-04  0.99134081227081E-04 -0.43280804812684E-03
 -0.40581966185863E-04  0.64570095309740E-05 -0.23444766850509E-03
 -0.45657833915134E-04 -0.79410147545366E-04 -0.34677668910343E-03
  0.13368715915807E-04 -0.26255173693877E-04 -0.13172267679887E-02
  0.58808533979185E-04 -0.43811289692418E-04 -0.23131021793259E-03
  0.14999225770558E-04 -0.28645145839403E-04 -0.13242795525460E-02
 -0.25376124934530E-04  0.90808699091794E-05 -0.26272470096377E-03
  0.45764181072895E-05 -0.16517178004008E-04 -0.13283183563621E-02
 -0.42614812013070E-04  0.50468081661214E-04 -0.18753186611987E-03
  0.22728765545467E-04 -0.63816771676266E-05 -0.13185597578673E-02
  0.21914578355855E-04  0.85971358035904E-05 -0.10482267121629E-03
  0.94636281364679E-04  0.35244579250840E-04 -0.34832668973286E-03
  0.84754775979521E-04  0.36572337047372E-04 -0.42429894165969E-03
  0.76305537682807E-05 -0.17063509538967E-04 -0.13267271515428E-02
  0.31941280922734E-05  0.10843590651079E-03 -0.42336296015805E-03
  0.14849979893691E-04 -0.51937958975311E-05 -0.13241788668775E-02
  0.12702839571506E-03  0.26923834551663E-04 -0.46372290887372E-03
  0.83707800429765E-05 -0.82325033321777E-05 -0.13266141099323E-02
  0.53454560981984E-04  0.77953872587338E-04 -0.43190808503955E-03
  0.18476716821379E-04 -0.21206446336259E-04 -0.13239749153137E-02
 -0.27781180496795E-04 -0.78135882078713E-05 -0.13201564351253E-02
  0.81274244522931E-05 -0.22138600493054E-05 -0.13113912379074E-02
  0.55689823207230E-05  0.21474297760781E-05 -0.13281076452457E-02
 -0.10364352568416E-04 -0.16908946164386E-04 -0.13212524923902E-02
 -0.31757806905213E-04 -0.12044209191331E-03 -0.43185631628663E-03
  0.35109402788145E-05 -0.11615238717346E-04 -0.13247216360842E-02
 -0.10134716136508E-03 -0.69138809242298E-04 -0.41762220496588E-03
  0.11971650382006E-04  0.73015134275005E-05 -0.13273018410608E-02
 -0.79413398783484E-04 -0.60404510988607E-04 -0.33306373556570E-03
  0.13619339008651E-04  0.20785825026511E-04 -0.13266639478357E-02
 -0.16884558100937E-04 -0.18639168544030E-04 -0.80856114844826E-04
  0.97969690128127E-05 -0.73615928579486E-04 -0.20162573759285E-03
 -0.53906018422761E-04 -0.15327654072841E-04 -0.14538547217198E-03
 -0.71563314964266E-05 -0.19463562671933E-04 -0.13149072318063E-02
  0.16644223542554E-04 -0.64703415560264E-04 -0.20676423549361E-03
  0.56587503102499E-05 -0.27755525692123E-04 -0.13197876802406E-02
 -0.89222272927642E-05 -0.51512746432139E-04 -0.26521405394688E-03
  0.97102767652072E-05 -0.16898599730815E-04 -0.13259490821000E-02
 -0.81806911915419E-04  0.47453841336844E-05 -0.21483195920866E-03
 -0.17466362939186E-04  0.42799588659113E-05 -0.13129755718987E-02
  0.52154999255101E-05  0.11991702669036E-04 -0.13278947338909E-02
 -0.21647130885799E-05  0.68384539409030E-05 -0.13261066134751E-02
  0.42589414207248E-05 -0.24137407140572E-05 -0.13270897083211E-02
 -0.16592502617459E-04  0.42952936238687E-05 -0.13283183569218E-02
  0.65014047149528E-04  0.11671470468989E-04 -0.18753186587581E-03
 -0.18592707269284E-04  0.19235022764156E-05 -0.13267271510103E-02
  0.92311185349427E-04 -0.56984149550314E-04 -0.42336295964082E-03
 -0.11314947157988E-04 -0.31330587522724E-05 -0.13266141096810E-02
  0.40782756734065E-04 -0.85269945070530E-04 -0.43190808358514E-03
  0.29441678357341E-05  0.11365560475770E-04 -0.13266141105813E-02
 -0.76997144877289E-05  0.23942039634422E-04 -0.80856114695188E-04
 -0.94237317760446E-04  0.73160707453424E-05 -0.43190808623893E-03
 -0.74049958597168E-04  0.55113622327796E-04 -0.42429894194019E-03
  0.16053290547528E-04  0.24705235165573E-04 -0.13172267664692E-02
  0.85374227747457E-05  0.72835331088287E-04 -0.23131021758630E-03
  0.20434104843195E-04  0.35342141276905E-05 -0.13149072327499E-02
  0.47712688829117E-04  0.46766027101371E-04 -0.20676423693474E-03
  0.20657356624221E-04 -0.20152412530662E-04 -0.13201564350016E-02
  0.91600119369677E-04  0.16422888446834E-06 -0.34677668731049E-03
  0.91269621778034E-05  0.26604530109430E-04 -0.13239749145733E-02
  0.15888772049660E-04 -0.24566848863466E-04 -0.13256516196742E-02
 -0.92476276953122E-06 -0.58965955968501E-05 -0.13281076427392E-02
  0.11191386722244E-04 -0.22187607233098E-04 -0.13266639474891E-02
  0.24978109210031E-05  0.11661799702498E-04 -0.13260732419324E-02
  0.80969052775505E-04 -0.68899320717703E-04 -0.33175198673222E-03
  0.16247185957790E-05  0.23449870362461E-05 -0.13260482970413E-02
  0.12096878315800E-03 -0.55304196036096E-04 -0.45694877289674E-03
  0.59007427798244E-06  0.31231549752768E-05 -0.13271159433532E-02
 -0.20911809700990E-04  0.48537017585789E-04 -0.37560335330931E-03
 -0.29270310928405E-05  0.15457359997869E-04 -0.13241788656089E-02
 -0.68651748373896E-04  0.28323537832824E-04 -0.20162573856431E-03
 -0.86830921031495E-04  0.96547902105380E-04 -0.46372290968753E-03
 -0.77840843334203E-04  0.64335133448261E-04 -0.34832669032715E-03
 -0.21464524893618E-05  0.81454863034306E-05 -0.13113912398349E-02
 -0.18402627917835E-04  0.14680013026961E-04 -0.10482266797312E-03
  0.50266298964062E-05 -0.17266293573041E-04 -0.13129755721024E-02
  0.40227148218287E-04 -0.39020154709743E-04 -0.14538547223325E-03
  0.12065769146448E-04 -0.30377157705587E-04 -0.13199665824767E-02
  0.14699049457723E-04 -0.38373517356420E-04 -0.23444766868123E-03
 -0.58376874360570E-05  0.22874526905309E-04 -0.13185597573276E-02
  0.29051476793219E-04  0.40176846522975E-04 -0.37562813941549E-03
  0.16657057096131E-04  0.49541275681937E-04 -0.37485426808870E-03
 -0.12605141409585E-04  0.98976275879168E-04 -0.33306373357270E-03
 -0.11814563598590E-04  0.27670552692777E-05 -0.13247216351259E-02
 -0.92023840343673E-05  0.12233862355672E-03 -0.41762220526579E-03
 -0.26866365379608E-04  0.89771417246620E-05 -0.13197876792015E-02
 -0.40150233026396E-04  0.33483247210213E-04 -0.26521405332766E-03
 -0.29422005266234E-04  0.15499404925797E-05 -0.13172267676607E-02
 -0.67345957486251E-04 -0.29024039444657E-04 -0.23131021702880E-03
 -0.16891076455983E-04 -0.16492849451350E-04 -0.13185597570913E-02
  0.20427877970325E-04  0.12200972915967E-03 -0.45812162908064E-03
 -0.16795437819627E-04 -0.99579712797807E-04 -0.34832668940345E-03
 -0.22399232707915E-04 -0.62139551655346E-04 -0.18753186599508E-03
  0.97794788340469E-05  0.16858647520541E-04 -0.13259490826876E-02
  0.36793832474450E-04 -0.73219554907929E-04 -0.21483195746924E-03
  0.83036228173719E-05  0.88481839620858E-05 -0.13247216343659E-02
  0.11054954617153E-03 -0.53199814131054E-04 -0.41762220641737E-03
  0.70046325400516E-05 -0.15445312007831E-05 -0.13261066145933E-02
  0.10744635112359E-03 -0.12165624600552E-04 -0.43280804821021E-03
  0.12016083512154E-04  0.12221882011007E-04 -0.13283183557858E-02
  0.33746810157915E-06 -0.14018508649633E-04 -0.13273018419530E-02
  0.45142073687336E-05 -0.86680634429307E-05 -0.13266130840287E-02
  0.14456367056459E-04 -0.12095754067630E-04 -0.13249789507249E-02
 -0.19489754516116E-04  0.39952131495086E-07 -0.13259490834172E-02
  0.45013078551708E-04  0.68474172311298E-04 -0.21483196024397E-03
 -0.32307036349674E-04  0.13328627301515E-05 -0.13242795528471E-02
  0.20552327716366E-04  0.17435934627049E-04 -0.26272470238483E-03
 -0.27603678551386E-04 -0.53980830578330E-05 -0.13239749159220E-02
 -0.10704816668790E-04 -0.91685958277811E-04 -0.42429894186363E-03
 -0.11922950569121E-04 -0.10263561942843E-04 -0.13241788666130E-02
  0.10142376542541E-03  0.56891403086682E-04 -0.46090352600597E-03
 -0.40197473287895E-04 -0.12347173388725E-03 -0.46372290974958E-03
 -0.95505316245623E-04 -0.51451757743681E-04 -0.42336295971852E-03
  0.17307811041218E-04  0.27312285282468E-04 -0.13242795530955E-02
  0.48237993146400E-05 -0.26516804261900E-04 -0.26272470169399E-03
  0.21207613208895E-04  0.18778383636492E-04 -0.13197876810324E-02
  0.49072460187075E-04  0.18029497213961E-04 -0.26521405185046E-03
  0.19825755396177E-04 -0.52131902976178E-06 -0.13212524926553E-02
  0.12018481741893E-03  0.32717976696814E-04 -0.43185631755699E-03
  0.10962154541687E-04  0.15140007280055E-04 -0.13267271513818E-02
 -0.16657060334351E-04  0.49541276176690E-04  0.37485426989167E-03
  0.52490193518701E-04 -0.61583509156735E-05 -0.37560334806359E-03
 -0.12065769643994E-04 -0.30377156658760E-04  0.13199665804015E-02
 -0.68589113457846E-05 -0.20893383975706E-04  0.13234008820252E-02
 -0.24096971197464E-05 -0.20725963226672E-05  0.13271159460817E-02
 -0.52490196263732E-04 -0.61583506287752E-05  0.37560335206134E-03
 -0.14849980461504E-04 -0.51937983023983E-05  0.13241788661325E-02
 -0.62606849152986E-04 -0.39857668182180E-05  0.21672950905749E-03
 -0.12702839430038E-03  0.26923830966778E-04  0.46372290959956E-03
 -0.16438413184128E-04 -0.12650534422774E-04  0.13150508715896E-02
 -0.22728765999560E-04 -0.63816773590832E-05  0.13185597568196E-02
 -0.94636280594976E-04  0.35244580656233E-04  0.34832668886305E-03
 -0.12257077422318E-03  0.37265842948691E-04  0.44968313669746E-03
 -0.81274241749391E-05 -0.22138596589079E-05  0.13113912396123E-02
 -0.21914578581180E-04  0.85971345433238E-05  0.10482267152138E-03
 -0.19953241335456E-04 -0.12371129248108E-04  0.13223385081497E-02
  0.17466363882028E-04  0.42799583659676E-05  0.13129755753406E-02
  0.53906021370663E-04 -0.15327653389034E-04  0.14538547481271E-03
 -0.83853127681670E-04  0.32630727833703E-04  0.41924557863528E-03
  0.32340275216353E-04  0.47393156010970E-05  0.13199665816217E-02
 -0.95031872430125E-05 -0.53821594580384E-05  0.13263696996411E-02
  0.40581965044479E-04  0.64570095020506E-05  0.23444766552679E-03
  0.24810722993124E-04  0.14017796561962E-05  0.13266639499233E-02
 -0.58854779503262E-04  0.45292389979125E-04  0.20162573664878E-03
  0.60931412325672E-12  0.77533454374550E-12  0.35119252084945E-03
  0.46442202977957E-05  0.37491654037547E-05  0.13281076426149E-02
  0.16615398170500E-11 -0.97301202206885E-12  0.13272173646324E-02
 -0.24584273059344E-04 -0.53028697245520E-05  0.80856113993591E-04
 -0.12016086014328E-04  0.12221881354944E-04  0.13283183568092E-02
  0.22399232833828E-04 -0.62139552000139E-04  0.18753186637786E-03
  0.86830919894541E-04  0.96547901673776E-04  0.46372290787141E-03
  0.71508952464739E-04 -0.30531574571622E-04  0.30250036786678E-03
  0.29270326167198E-05  0.15457358350683E-04  0.13241788669763E-02
  0.74049961086944E-04  0.55113619996531E-04  0.42429893878828E-03
 -0.53454560089882E-04  0.77953876852509E-04  0.43190809204537E-03
 -0.18476718506257E-04 -0.21206447633220E-04  0.13239749135182E-02
 -0.84754774634461E-04  0.36572337667439E-04  0.42429893969370E-03
 -0.72565626601300E-04  0.49854023700028E-04  0.31242756524131E-03
 -0.23092555868295E-04  0.81092758021872E-05  0.13182516892879E-02
 -0.13368713998095E-04 -0.26255173667998E-04  0.13172267670487E-02
 -0.58808534671781E-04 -0.43811291438376E-04  0.23131021646913E-03
 -0.12853736813615E-03 -0.11508894110660E-04  0.45384552397456E-03
  0.71563317947619E-05 -0.19463560817714E-04  0.13149072315485E-02
 -0.16644221593126E-04 -0.64703415464880E-04  0.20676423578407E-03
 -0.12501777569824E-04  0.25332436755650E-05  0.13240798592912E-02
  0.27781178980264E-04 -0.78135893279466E-05  0.13201564342489E-02
  0.45657833745138E-04 -0.79410145968684E-04  0.34677668937150E-03
  0.82502978408225E-04 -0.41795013915328E-04  0.41735554204150E-03
 -0.77447034140147E-04 -0.50552168064877E-04  0.41735554148302E-03
 -0.34575472857165E-04 -0.39196076477803E-04  0.37485426907447E-03
  0.27706754559956E-05 -0.13645292746368E-05  0.13270269418458E-02
  0.12309121748755E-04  0.67169975584482E-05  0.13273018418044E-02
 -0.92018538387718E-04 -0.38571763567918E-04  0.33306373556237E-03
  0.13667523497957E-04 -0.88934304067225E-04  0.41924558016073E-03
 -0.97794784981703E-05  0.16858646394018E-04  0.13259490819838E-02
 -0.36793831782322E-04 -0.73219556974201E-04  0.21483195834254E-03
  0.94126786858277E-05 -0.55389227419299E-05  0.13263696970687E-02
 -0.17307810157563E-04  0.27312283681943E-04  0.13242795528211E-02
 -0.48237996070159E-05 -0.26516805312373E-04  0.26272470215491E-03
  0.74235679301802E-04 -0.10556217814982E-03  0.45384552448308E-03
  0.40570356209007E-05 -0.12093480257613E-04  0.13240798597078E-02
 -0.91269612764385E-05  0.26604531016003E-04  0.13239749143025E-02
  0.29219902040085E-04 -0.14766571943829E-05  0.13256516187742E-02
  0.45234402187433E-05 -0.24053377186938E-04  0.13182516902116E-02
 -0.20361882082283E-06  0.30817389209117E-05  0.13270269424834E-02
  0.95505314458776E-04 -0.51451757091700E-04  0.42336296091008E-03
 -0.12184569903963E-05 -0.25795421267627E-05  0.13260482970382E-02
  0.10837923202781E-03 -0.77109939134659E-04  0.45694877152610E-03
  0.70185600853400E-04  0.56303575470261E-04  0.41924557849890E-03
 -0.24978108313196E-05  0.11661801419242E-04  0.13260732431510E-02
 -0.80969057094331E-04 -0.68899321348857E-04  0.33175198610696E-03
  0.90505070110218E-07  0.10921081102939E-04  0.13263696978302E-02
 -0.17633420325941E-04  0.22772910665056E-04  0.13230894739976E-02
 -0.30594301012107E-04 -0.38768436399015E-04  0.22831311586270E-03
  0.10107863202057E-03  0.26579885414449E-05  0.45213280629905E-03
 -0.15387887328923E-04  0.29801650409019E-04  0.13221679819111E-02
 -0.81818458419301E-05  0.18525114595967E-04  0.13259638572085E-02
  0.11980947720143E-04  0.44761875629183E-04  0.31091828671532E-03
 -0.73708939627708E-06  0.23465580480544E-04  0.13223385067402E-02
  0.93558555217783E-04  0.87516481153623E-04  0.44968313390100E-03
  0.34084925684562E-04 -0.64831770584866E-04  0.30189050727763E-03
  0.84447432318446E-05  0.95602317508537E-05  0.13240798587080E-02
 -0.14593039106101E-04  0.21084120261058E-04  0.13272502368336E-02
  0.54301688933574E-04  0.11707107404414E-03  0.45384552599024E-03
  0.26397365086701E-05 -0.70826649477908E-05  0.13263819733155E-02
 -0.36302161038180E-05  0.13592201584228E-03  0.43919554433355E-03
 -0.13284659159990E-04 -0.57119900856616E-04  0.12354636131148E-03
 -0.52154996015878E-05  0.11991702495540E-04  0.13278947336463E-02
 -0.10962866537980E-04 -0.23180003099431E-04  0.13272502380785E-02
  0.39103495360154E-04  0.61934295968133E-04  0.30189050499722E-03
  0.45378069912967E-04 -0.81010948542625E-04  0.37625420993203E-03
 -0.10905209402040E-04 -0.26657445138602E-04  0.13230894731394E-02
  0.48871600240814E-04 -0.71112236078292E-05  0.22831311652368E-03
 -0.25670550753633E-05 -0.17172082946418E-05  0.13270269410629E-02
  0.10015309013643E-03 -0.35671598239072E-04  0.33175198630469E-03
 -0.50559430845044E-05  0.92347182397143E-04  0.41735554104325E-03
 -0.88505082627276E-05 -0.79940682850101E-05  0.13260732428102E-02
  0.11952702645801E-03 -0.64817146319684E-04  0.43919554648271E-03
 -0.29441673367304E-05  0.11365561714837E-04  0.13266141124614E-02
  0.94237317693919E-04  0.73160703142541E-05  0.43190808719373E-03
 -0.74536337531118E-05  0.12552538873451E-05  0.13263819722628E-02
 -0.16247181803984E-05  0.23449857219838E-05  0.13260482964492E-02
 -0.12096878411801E-03 -0.55304195685060E-04  0.45694877278055E-03
  0.63351006990751E-04 -0.22171229501232E-04  0.19520887860026E-03
 -0.17766746567880E-04  0.99068175266193E-05  0.13215980394299E-02
 -0.92846571502570E-04  0.12069126121991E-05  0.37625420929805E-03
 -0.10311079184591E-04 -0.18273100318501E-05  0.13280080823100E-02
 -0.21495296895566E-04  0.17488029900144E-04  0.13165138558499E-02
 -0.35631016624142E-04  0.64348606696788E-04  0.21518252608051E-03
 -0.37912018582892E-04 -0.63031670478428E-04  0.21518252613524E-03
 -0.10962155559242E-04  0.15140007563131E-04  0.13267271516203E-02
 -0.27364778143677E-05  0.20561351684719E-04  0.13150508703896E-02
 -0.43974289355136E-05 -0.27359489556967E-04  0.13165138562073E-02
  0.18569115760744E-04  0.15944100504837E-04  0.13182516899773E-02
  0.79457663565626E-04  0.37916663634327E-04  0.31242756663048E-03
 -0.44755395750521E-04 -0.12005131002637E-04  0.31091828657844E-03
 -0.18115041436614E-04 -0.28227125662562E-04  0.13221679810385E-02
  0.21523656262032E-04  0.45067009479067E-05  0.13234008819630E-02
 -0.93133593225865E-05  0.77194355296956E-04  0.30250036885729E-03
  0.67380373904340E-05 -0.80160010819282E-05  0.13280080821007E-02
 -0.52841200472706E-04  0.86207667906127E-04  0.45213280664622E-03
 -0.12474657628220E-04  0.65949198386947E-04  0.19520887975762E-03
 -0.11952296596686E-04 -0.16348241390636E-04  0.13259638564867E-02
 -0.77773695363254E-05 -0.10512606328950E-04  0.13278947319353E-02
  0.56109614648533E-04  0.17055096273771E-04  0.12354635803375E-03
  0.27851648035530E-04  0.56212006239238E-04  0.21672950983151E-03
 -0.83707800031685E-05 -0.82325028712469E-05  0.13266141099780E-02
  0.30381599794779E-06 -0.20339862834278E-04  0.13215980401873E-02
 -0.68920378636309E-05 -0.87770687387780E-04  0.31242756452165E-03
 -0.18277299500614E-04  0.45879659943653E-04  0.22831311488479E-03
 -0.97102773385071E-05 -0.16898601795977E-04  0.13259490824336E-02
  0.28538631605202E-04  0.38845345250077E-05  0.13230894738015E-02
  0.81806912634084E-04  0.47453839145016E-05  0.21483195917588E-03
 -0.35109408713750E-05 -0.11615239283221E-04  0.13247216364541E-02
  0.10134716176656E-03 -0.69138810542783E-04  0.41762220638871E-03
  0.73543037865541E-04 -0.13169381856122E-05  0.21518252483946E-03
  0.25892726330321E-04  0.98714576016625E-05  0.13165138564685E-02
  0.48399181954816E-05 -0.52939247535534E-05  0.13261066159689E-02
  0.64258914433108E-04 -0.86968457014899E-04  0.43280804804518E-03
 -0.50876353337853E-04 -0.43777969246049E-04  0.19520887992154E-03
  0.42198329946071E-05 -0.24814804356444E-05  0.13270897066839E-02
 -0.20268433703568E-04 -0.45247742663225E-04  0.37562813637528E-03
 -0.70046315833338E-05 -0.15445286784517E-05  0.13261066144444E-02
 -0.10744635110216E-03 -0.12165624080856E-04  0.43280805025710E-03
 -0.73188420488840E-04  0.28974728276820E-05  0.30189050788623E-03
 -0.19825754343222E-04 -0.52132095305300E-06  0.13212524916667E-02
 -0.12018481770599E-03  0.32717977701375E-04  0.43185631525218E-03
  0.25555903845430E-04  0.20958821656478E-05  0.13272502374459E-02
 -0.20434103621624E-04  0.35342170827632E-05  0.13149072313694E-02
 -0.47712688287533E-04  0.46766026389919E-04  0.20676423606344E-03
  0.32774448009303E-04 -0.32756744626347E-04  0.31091828867051E-03
  0.21464536101446E-05  0.81454851425335E-05  0.13113912387513E-02
  0.18402626514970E-04  0.14680015272474E-04  0.10482267174550E-03
  0.33502929993193E-04 -0.15745236982707E-05  0.13221679808165E-02
  0.42614811565267E-04  0.50468082822381E-04  0.18753186633658E-03
 -0.76305542824111E-05 -0.17063508324135E-04  0.13267271503034E-02
 -0.45764184321332E-05 -0.16517177202941E-04  0.13283183561032E-02
  0.12992867893691E-04 -0.14790965867683E-05  0.13278947319770E-02
 -0.14699048529362E-04 -0.38373516852116E-04  0.23444766803638E-03
  0.20911809171271E-04  0.48537013154773E-04  0.37560335318221E-03
 -0.59007357307371E-06  0.31231580365583E-05  0.13271159453257E-02
 -0.55689826290072E-05  0.21474303889383E-05  0.13281076442818E-02
  0.16884557236522E-04 -0.18639168624552E-04  0.80856113584884E-04
 -0.11971649831990E-04  0.73015159603140E-05  0.13273018408079E-02
  0.12589552890528E-04  0.13241413787280E-03  0.45694877081236E-03
  0.79413397410000E-04 -0.60404511489622E-04  0.33306373439378E-03
  0.28431759305294E-05  0.23455273025095E-06  0.13260482961018E-02
 -0.52496599267844E-05  0.82434489849068E-05  0.13266130830988E-02
  0.11587746482041E-03 -0.43313802506320E-04  0.45812163480098E-03
  0.39109528984817E-07  0.48952245234807E-05  0.13270897060603E-02
 -0.19184036036212E-04  0.10457091800843E-03  0.33175198408994E-03
  0.49319910342897E-04  0.50708904773656E-05  0.37562812748561E-03
  0.11348322055776E-04 -0.36677306365770E-05  0.13260732427855E-02
 -0.42589422407612E-05 -0.24137443569868E-05  0.13270897055414E-02
 -0.29051474572806E-04  0.40176852137526E-04  0.37562813030246E-03
  0.47468503973727E-04  0.79804033960646E-04  0.37625420935242E-03
 -0.14456367220515E-04 -0.12095752260672E-04  0.13249789504690E-02
 -0.10142376734758E-03  0.56891402714536E-04  0.46090353062010E-03
  0.17462928976748E-04  0.10433043150105E-04  0.13215980405817E-02
 -0.20657355776135E-04 -0.20152412308804E-04  0.13201564350734E-02
 -0.91600118549402E-04  0.16422976343006E-06  0.34677668917921E-03
 -0.42824955229850E-04  0.40064802059716E-04  0.12354635992229E-03
 -0.50266302666980E-05 -0.17266291956057E-04  0.13129755735566E-02
 -0.40227146739890E-04 -0.39020154248312E-04  0.14538547209791E-03
 -0.31941286727230E-05  0.10843590609019E-03  0.42336296097018E-03
  0.35730424465612E-05  0.98433112200381E-05  0.13280080822958E-02
 -0.49072458353163E-04  0.18029499084061E-04  0.26521405138749E-03
  0.17703411404713E-04 -0.64717023164487E-05  0.13249789509958E-02
  0.29012221603512E-04 -0.12478232641753E-03  0.44968313255563E-03
 -0.11054954704721E-03 -0.53199815604897E-04  0.41762220766538E-03
 -0.16053290476762E-04  0.24705235115217E-04  0.13172267672837E-02
  0.89222265555536E-05 -0.51512745778072E-04  0.26521405095186E-03
  0.14424829816380E-05 -0.11628125793339E-03  0.46090352967320E-03
 -0.62195594008817E-04 -0.46662782370997E-04  0.30250037003410E-03
 -0.48237433494260E-04 -0.88865656482548E-04  0.45213280286677E-03
  0.20690334802332E-04 -0.11094449163057E-04  0.13223385082520E-02
 -0.85374243431068E-05  0.72835332522613E-04  0.23131021754724E-03
  0.48138974246071E-05  0.58274124839071E-05  0.13263819738747E-02
 -0.56587499858529E-05 -0.27755524010898E-04  0.13197876796770E-02
 -0.14664745407724E-04  0.16386682739386E-04  0.13234008815911E-02
 -0.11589680823241E-03 -0.71104865793512E-04  0.43919554810771E-03
  0.10364354839916E-04 -0.16908945287358E-04  0.13212524913362E-02
  0.31757807442423E-04 -0.12044208864331E-03  0.43185631647159E-03
  0.34755199040320E-04 -0.52226236391484E-04  0.21672950833621E-03
  0.97638658374680E-05  0.42461535923359E-06  0.13266130825917E-02
 -0.83036225366816E-05  0.88481816572186E-05  0.13247216354893E-02
 -0.21207613825111E-04  0.18778382959263E-04  0.13197876798810E-02
  0.25376126691832E-04  0.90808708174910E-05  0.26272470182715E-03
  0.58376876869072E-05  0.22874527335708E-04  0.13185597574272E-02
 -0.14999224958192E-04 -0.28645145027121E-04  0.13242795545531E-02
  0.77840842555928E-04  0.64335133052069E-04  0.34832668975872E-03
 -0.95449583902556E-04 -0.78695923735824E-04  0.45812163379975E-03
  0.19174890810702E-04 -0.79108164549959E-05  0.13150508704207E-02
  0.20134141987335E-04 -0.21768711031138E-05  0.13259638582336E-02
  0.26778119425682E-05  0.55726246243789E-05  0.12842146921383E-02
 -0.27175026562332E-04 -0.35849020909287E-04 -0.13699026765320E-02
  0.10963897261703E-04 -0.32186297909645E-04 -0.13876482835087E-02
  0.28155671275511E-04  0.21098146492044E-04 -0.13502747526746E-02
 -0.95416720179831E-05  0.12825398722088E-04 -0.13926813796190E-02
 -0.30890870063366E-04 -0.87121077971156E-05  0.13321697477069E-02
 -0.33396413917253E-04  0.22520721287137E-06  0.13865814564891E-02
  0.44633676352487E-04 -0.56097530513095E-05 -0.13699026745022E-02
 -0.61649417330036E-05 -0.46725695966799E-06  0.12842146938268E-02
  0.34321947825565E-04 -0.35656128457303E-04 -0.13806859913932E-02
  0.52267294575209E-05  0.32508129606581E-04 -0.13924189317514E-02
  0.46229519065777E-04 -0.33524809762654E-04 -0.13848335945989E-02
  0.51252406210449E-05 -0.27081777486607E-04  0.13219411939106E-02
 -0.19865872075908E-04 -0.74828124915214E-05  0.13734939797540E-02
 -0.18818637635465E-04  0.13716568298019E-06 -0.13739809021380E-02
  0.41936955776189E-05 -0.34932599632332E-04 -0.13502747534340E-02
  0.85490017302208E-07 -0.49014794937258E-05 -0.12974230571361E-02
 -0.22547044141927E-05  0.37636130087791E-04  0.13777159304972E-02
  0.46896646018070E-04 -0.25614169296271E-04  0.13821360451698E-02
 -0.42875549435170E-05  0.23767038060132E-05 -0.12974230571840E-02
 -0.57216929619517E-05  0.57839589715695E-05 -0.12837189836373E-02
 -0.51015291799786E-05  0.23811981840818E-04  0.13945771416041E-02
  0.16981264022845E-04  0.18112327981239E-04 -0.13322132261435E-02
 -0.17695724495140E-04  0.30264277719002E-05  0.12973637717351E-02
 -0.22193954021791E-04 -0.60125283865181E-05 -0.13510581184175E-02
 -0.24176366831952E-04  0.56500419717428E-05 -0.13322132263658E-02
  0.58899774003959E-05  0.22226791345301E-04 -0.13510581162471E-02
  0.11357864377755E-04  0.81867466036041E-05  0.13942419932634E-02
 -0.37641413080669E-04 -0.12405110010681E-04 -0.13755859704559E-02
 -0.20297084965664E-05 -0.13479256284165E-04 -0.13037607235598E-02
  0.30621182810005E-04  0.22497159430244E-04  0.13711269196244E-02
 -0.38901187238788E-04 -0.18376279635514E-04 -0.13928322147807E-02
 -0.37631675861256E-04  0.49100782774003E-05  0.13460280119458E-02
  0.23518645461442E-04  0.35390772307953E-04 -0.13746721718693E-02
  0.28965849543863E-04 -0.32068716993008E-04  0.13498880416140E-02
 -0.30260315945466E-04 -0.15790339570965E-04 -0.13903478132467E-02
  0.20890888050472E-04  0.17979475410082E-04  0.13219411932576E-02
  0.80775678741000E-05  0.38800971605654E-04 -0.13755859699678E-02
 -0.91414752674892E-05  0.43269142869453E-05 -0.13475786640502E-02
 -0.21374215040353E-04 -0.32036422101398E-04  0.13612750759970E-02
  0.83179557446007E-05  0.57532913016483E-05 -0.13475786628640E-02
 -0.32781047258029E-05  0.54856460749688E-05  0.13223473080753E-02
 -0.33053230375008E-04 -0.34807897428975E-04  0.13871415003296E-02
 -0.12657990010353E-05  0.53420771001293E-04  0.13821360449605E-02
  0.31067990817888E-04 -0.86325301053734E-06 -0.13214523817270E-02
  0.86602501028894E-05  0.16816163162568E-04  0.13045317624886E-02
 -0.48442764447016E-05  0.44112441508782E-04 -0.13608062833747E-02
 -0.14786398284758E-04  0.27337296285293E-04 -0.13214523808822E-02
  0.40624633558344E-04 -0.17860953190615E-04 -0.13608062829458E-02
 -0.21482066899265E-05 -0.78471091285796E-05 -0.12837189800690E-02
  0.95281074777454E-05  0.16228836421418E-04 -0.13739809035217E-02
  0.34871244786216E-05 -0.51053657459985E-05  0.12842146903716E-02
  0.35364921829815E-04 -0.24501275631489E-04 -0.13928322138150E-02
 -0.40675594293358E-04 -0.31625395064842E-04  0.13875427349303E-02
  0.41134176559739E-04 -0.26055991681502E-04  0.13852318085410E-02
 -0.32349365574254E-04  0.13834452597567E-04 -0.13502747516034E-02
  0.15877954791325E-04  0.18506314055036E-05 -0.13926813792509E-02
  0.28804994787018E-04 -0.18311034033013E-04 -0.13903478136929E-02
  0.23172544875212E-04 -0.74879381784206E-05  0.13945771419394E-02
  0.10233099081216E-04 -0.15908076796047E-04  0.13045317628998E-02
 -0.16281594080108E-04 -0.26474041195174E-04 -0.13214523841170E-02
 -0.30766231102977E-04 -0.11727586018930E-04 -0.13924189332433E-02
 -0.20027991919457E-04 -0.96287249059170E-05  0.14017055498827E-02
  0.24708643993858E-04 -0.13053859218729E-04  0.13516773580119E-02
 -0.48040084715240E-04 -0.11895613021784E-04 -0.13806859921770E-02
  0.78698971873884E-05  0.20631539052208E-05 -0.12837189835021E-02
  0.71951039268224E-05 -0.23762369787483E-04 -0.13322132280766E-02
 -0.10658523038219E-04  0.84974085822997E-05 -0.13037607241444E-02
  0.12688233146751E-04  0.49818485627078E-05 -0.13037607249975E-02
  0.29563845013964E-04 -0.26395863914776E-04 -0.13755859708688E-02
  0.59185773048815E-05  0.56798342495060E-04 -0.13848335941282E-02
 -0.48180741366002E-04 -0.20283355976833E-04  0.13734295574915E-02
 -0.31116546419595E-05 -0.55817430418599E-05  0.13223473102326E-02
  0.16303978021883E-04 -0.16214266002312E-04 -0.13510581158227E-02
  0.34526301189480E-05  0.20945753562435E-04  0.13734939772114E-02
  0.35362676151810E-05  0.42877555673939E-04 -0.13928322124811E-02
  0.92905324012331E-05 -0.16366000099796E-04 -0.13739809025680E-02
 -0.42408629597104E-04  0.26723585348501E-05 -0.13746721724126E-02
 -0.31466493519366E-04 -0.20770695322561E-04  0.13777159295306E-02
  0.16752759145467E-05  0.22159113232699E-04  0.14017055487117E-02
  0.55570811926853E-05  0.75314764011421E-05 -0.14054295955112E-02
 -0.52148098186140E-04 -0.23273535322059E-04 -0.13848335934841E-02
 -0.10493497000524E-05  0.27925240374676E-04  0.13516773573310E-02
  0.14119238463233E-04 -0.49966763088579E-05 -0.13219165544103E-02
 -0.35780358164083E-04 -0.26251487888182E-04 -0.13608062819843E-02
 -0.27323687612353E-05  0.14725953912063E-04 -0.13219165546606E-02
  0.19980642864503E-05  0.48651238952115E-04  0.13852318083171E-02
 -0.33356098065738E-04  0.65981345621925E-05 -0.13876482834373E-02
  0.41725213430026E-05 -0.37767303998622E-04  0.13711269197223E-02
 -0.11386868239414E-04 -0.97292821165029E-05 -0.13219165545589E-02
  0.14109964770286E-05 -0.13929573774968E-04  0.13942419946112E-02
  0.13289398381491E-04  0.41119519477182E-04  0.13498880425015E-02
 -0.17458649729399E-04  0.41458775809174E-04 -0.13699026753381E-02
  0.37439062684648E-05 -0.85783123793040E-05 -0.14054295947660E-02
 -0.46671136946389E-04 -0.11220987414739E-04 -0.13871415021093E-02
  0.18889982867391E-04 -0.38063130387058E-04 -0.13746721721256E-02
 -0.41936970248567E-05 -0.34932599632856E-04  0.13502747525535E-02
  0.13617907171052E-04  0.46028884969032E-04 -0.13871415011422E-02
  0.70505980414670E-05  0.51038795728938E-04 -0.13875427368103E-02
 -0.16303979083068E-04 -0.16214262159683E-04  0.13510581170517E-02
 -0.16752745946490E-05  0.22159111081864E-04 -0.14017055479213E-02
 -0.95281090072148E-05  0.16228836462906E-04  0.13739809019559E-02
 -0.16893245017231E-04  0.28809540630843E-04 -0.13865814540978E-02
 -0.65244675063788E-05  0.51867419519766E-04 -0.13734295571057E-02
 -0.35362664215608E-05  0.42877557378724E-04  0.13928322144626E-02
  0.22547044712353E-05  0.37636130656131E-04 -0.13777159315845E-02
 -0.80775687514509E-05  0.38800971794669E-04  0.13755859696198E-02
 -0.23068094102904E-04  0.30134949859557E-04 -0.13460280105319E-02
 -0.79005296103321E-05  0.31108332401602E-04 -0.13321697467093E-02
 -0.16981263697189E-04  0.18112327558230E-04  0.13322132265080E-02
 -0.11468825409908E-04  0.13811729876217E-04 -0.12973637707459E-02
  0.63362851113092E-05 -0.14676030441847E-04  0.13926813795186E-02
 -0.19488605381224E-11 -0.18716076928927E-11 -0.12762657206429E-02
  0.12768864207673E-04  0.57428264968539E-05 -0.13942419952214E-02
  0.27175028415050E-04 -0.35849019017879E-04  0.13699026758241E-02
 -0.23172545112820E-04 -0.74879372180720E-05 -0.13945771434748E-02
 -0.34526306522418E-05  0.20945754095490E-04 -0.13734939792912E-02
 -0.28804994606222E-04 -0.18311034921848E-04  0.13903478150988E-02
 -0.41134175043040E-04 -0.26055991709556E-04 -0.13852318097485E-02
 -0.55570849324501E-05  0.75314746243993E-05  0.14054295942213E-02
  0.45630838738251E-04 -0.27806600344226E-04 -0.13821360461456E-02
  0.42255250613036E-04 -0.90508035836144E-05 -0.13498880394991E-02
  0.95416721756774E-05  0.12825398041984E-04  0.13926813792860E-02
  0.26016126517329E-04  0.91023045341443E-05 -0.13219411930495E-02
  0.91414755619642E-05  0.43269164933289E-05  0.13475786654852E-02
  0.42875514674919E-05  0.23767044374015E-05  0.12974230595125E-02
  0.32781029445444E-05  0.54856452541361E-05 -0.13223473104199E-02
 -0.85489912887415E-07 -0.49014816340285E-05  0.12974230563552E-02
 -0.46896644521633E-04 -0.25614168056960E-04 -0.13821360443487E-02
 -0.82352004570964E-06 -0.10080207363018E-04  0.13475786657225E-02
  0.43132239371983E-04 -0.22595245600049E-04 -0.13852318083380E-02
  0.34793703489859E-04  0.15270141373970E-04 -0.13711269215471E-02
  0.37641410492497E-04 -0.12405107788871E-04  0.13755859698000E-02
  0.17057248438131E-04  0.34528825517016E-04 -0.13612750751831E-02
  0.52148094518196E-04 -0.23273535695184E-04  0.13848335941465E-02
 -0.24708641081987E-04 -0.13053858703853E-04 -0.13516773574922E-02
 -0.28965849511538E-04 -0.32068715651893E-04 -0.13498880398662E-02
  0.38901187207871E-04 -0.18376282856121E-04  0.13928322128466E-02
  0.35780355319875E-04 -0.26251484760712E-04  0.13608062823468E-02
  0.11386867196768E-04 -0.97292837361368E-05  0.13219165527895E-02
  0.22193955669623E-04 -0.60125306998562E-05  0.13510581171696E-02
  0.21482041853954E-05 -0.78471124201710E-05  0.12837189831979E-02
 -0.14119240030682E-04 -0.49966745912286E-05  0.13219165536771E-02
 -0.31067993342253E-04 -0.86325158716865E-06  0.13214523792851E-02
  0.57216911536570E-05  0.57839590551153E-05  0.12837189852336E-02
 -0.28155668953268E-04  0.21098149151632E-04  0.13502747528296E-02
  0.14786401378490E-04  0.27337297334988E-04  0.13214523797981E-02
 -0.13718141021607E-04  0.47551740996198E-04  0.13806859933605E-02
  0.33356098947840E-04  0.65981345999710E-05  0.13876482830991E-02
  0.17458648410894E-04  0.41458774526046E-04  0.13699026755681E-02
  0.32349367414852E-04  0.13834452808516E-04  0.13502747521887E-02
 -0.52267286206028E-05  0.32508132153739E-04  0.13924189332464E-02
  0.10658522922094E-04  0.84974069901788E-05  0.13037607246325E-02
 -0.78699017311383E-05  0.20631506256388E-05  0.12837189854608E-02
 -0.14553229881481E-05  0.34101372432644E-04  0.13903478136933E-02
 -0.12688231247980E-04  0.49818505630972E-05  0.13037607259050E-02
  0.48040085906475E-04 -0.11895613639249E-04  0.13806859929602E-02
 -0.22392202004684E-04  0.25588160562737E-04  0.13876482841783E-02
  0.18818637605854E-04  0.13716495585885E-06  0.13739809031665E-02
 -0.44633677075788E-04 -0.56097540394381E-05  0.13699026771134E-02
 -0.71951065409726E-05 -0.23762371202778E-04  0.13322132255810E-02
 -0.15877955901573E-04  0.18506309327212E-05  0.13926813786141E-02
  0.16281593480065E-04 -0.26474044881138E-04  0.13214523819169E-02
 -0.29563844449709E-04 -0.26395863566603E-04  0.13755859711033E-02
  0.20297076882168E-05 -0.13479257662357E-04  0.13037607251851E-02
 -0.18889984031743E-04 -0.38063131127340E-04  0.13746721703258E-02
 -0.37439068405611E-05 -0.85783136628525E-05  0.14054295946073E-02
  0.27323697032464E-05  0.14725956921680E-04  0.13219165543166E-02
 -0.83179544690567E-05  0.57532922084023E-05  0.13475786629338E-02
 -0.35364919455830E-04 -0.24501276138268E-04  0.13928322143052E-02
 -0.46229519227671E-04 -0.33524809762548E-04  0.13848335940360E-02
 -0.25539501766584E-04 -0.20780545710903E-04  0.13924189321918E-02
 -0.59185774475130E-05  0.56798343647645E-04  0.13848335944877E-02
  0.30260317977232E-04 -0.15790340722691E-04  0.13903478125989E-02
 -0.23518646036288E-04  0.35390772180585E-04  0.13746721704874E-02
 -0.92905290521800E-05 -0.16366003829978E-04  0.13739809020366E-02
 -0.40624633026888E-04 -0.17860954044429E-04  0.13608062822657E-02
  0.93009893447302E-05  0.10468372757850E-05  0.14054295950245E-02
  0.48442763619607E-05  0.44112439996456E-04  0.13608062840524E-02
 -0.70506003640114E-05  0.51038794519243E-04  0.13875427358948E-02
 -0.10233097613026E-04 -0.15908073433805E-04 -0.13045317627226E-02
  0.61649428457234E-05 -0.46725707203336E-06 -0.12842146877463E-02
  0.12658024351889E-05  0.53420770371979E-04 -0.13821360449349E-02
 -0.13617907943528E-04  0.46028885643237E-04  0.13871415001108E-02
  0.51015286490082E-05  0.23811982154266E-04 -0.13945771440135E-02
  0.20027992312466E-04 -0.96287250953441E-05 -0.14017055483578E-02
 -0.34793703528451E-04  0.15270140352838E-04  0.13711269212142E-02
  0.31466493998043E-04 -0.20770695622147E-04 -0.13777159294727E-02
 -0.42255249019312E-04 -0.90508046298474E-05  0.13498880418537E-02
  0.30890871258151E-04 -0.87121056168699E-05 -0.13321697459741E-02
  0.17695723082347E-04  0.30264277747351E-05 -0.12973637705707E-02
 -0.23659295750391E-04 -0.14871382462373E-04  0.13516773573728E-02
 -0.22990341044212E-04 -0.22396228941992E-04 -0.13321697477563E-02
  0.16413238614192E-04 -0.13462942872875E-04  0.13734939794648E-02
 -0.41656270197180E-04 -0.31584064627744E-04 -0.13734295574986E-02
 -0.58899756990374E-05  0.22226793717603E-04  0.13510581159650E-02
  0.47726191912261E-04 -0.19413400372630E-04  0.13875427355686E-02
 -0.30621181156216E-04  0.22497159516735E-04 -0.13711269207605E-02
  0.41656269676381E-04 -0.31584066397471E-04  0.13734295573291E-02
  0.65244694087356E-05  0.51867422551959E-04  0.13734295570237E-02
 -0.19980640245279E-05  0.48651238238716E-04 -0.13852318078918E-02
 -0.11357866610655E-04  0.81867461768474E-05 -0.13942419948787E-02
  0.79005322939968E-05  0.31108334889762E-04  0.13321697436892E-02
  0.25539501073556E-04 -0.20780544613225E-04 -0.13924189334933E-02
 -0.17057247125658E-04  0.34528823106166E-04  0.13612750758533E-02
  0.22392200705403E-04  0.25588160981158E-04 -0.13876482819562E-02
 -0.26016126907356E-04  0.91023041676629E-05  0.13219411954927E-02
  0.13718139762062E-04  0.47551742660400E-04 -0.13806859935477E-02
  0.14553228877470E-05  0.34101374348413E-04 -0.13903478132913E-02
 -0.18893347169595E-04 -0.90808420507803E-06  0.13045317621104E-02
 -0.93009898321208E-05  0.10468379428899E-05 -0.14054295962552E-02
 -0.13289396316502E-04  0.41119519846318E-04 -0.13498880417187E-02
  0.63897598316402E-05  0.96099418404025E-07  0.13223473085660E-02
  0.82351853501277E-06 -0.10080206362454E-04 -0.13475786645714E-02
  0.38431463267194E-04 -0.24924017630283E-05  0.13612750761830E-02
  0.42020611815907E-05  0.25247756299983E-05 -0.12974230575902E-02
  0.46671137452486E-04 -0.11220987571946E-04  0.13871415014806E-02
 -0.62268992945299E-05 -0.16838159394912E-04 -0.12973637720223E-02
 -0.14563586899516E-04 -0.35045029377220E-04 -0.13460280099713E-02
  0.16503172975229E-04 -0.29034747864180E-04  0.13865814560886E-02
 -0.16503172473573E-04 -0.29034749047994E-04 -0.13865814551389E-02
 -0.63362849025384E-05 -0.14676029107207E-04 -0.13926813787620E-02
 -0.34321943167688E-04 -0.35656126362414E-04  0.13806859930037E-02
  0.10493502622864E-05  0.27925238360640E-04 -0.13516773604468E-02
  0.19865871166516E-04 -0.74828091470823E-05 -0.13734939796546E-02
 -0.16413238566436E-04 -0.13462944822747E-04 -0.13734939799592E-02
  0.22990339322151E-04 -0.22396225790748E-04  0.13321697471228E-02
 -0.63897578261152E-05  0.96100540595160E-07 -0.13223473098621E-02
  0.62268962331523E-05 -0.16838160568427E-04  0.12973637695530E-02
 -0.26778171952825E-05  0.55726234163418E-05 -0.12842146901524E-02
 -0.34871248175349E-05 -0.51053677970412E-05 -0.12842146888147E-02
 -0.42020625508788E-05  0.25247777271480E-05  0.12974230553579E-02
 -0.51252406493176E-05 -0.27081776530956E-04 -0.13219411963078E-02
  0.24176368015975E-04  0.56500422361877E-05  0.13322132251381E-02
 -0.41725208747064E-05 -0.37767305337274E-04 -0.13711269188061E-02
 -0.14109985171305E-05 -0.13929573180263E-04 -0.13942419940115E-02
  0.42408630157479E-04  0.26723601253887E-05  0.13746721709443E-02
  0.18071016799944E-04 -0.16324042932504E-04 -0.13945771417456E-02
  0.30766232688013E-04 -0.11727584252042E-04  0.13924189327521E-02
  0.23659295667433E-04 -0.14871381930899E-04 -0.13516773576934E-02
  0.18893344834995E-04 -0.90808727553397E-06 -0.13045317636784E-02
 -0.10963896702481E-04 -0.32186298672292E-04  0.13876482830217E-02
 -0.18352714333290E-04 -0.12530387660325E-04 -0.14017055494357E-02
  0.33721197292827E-04 -0.16865434848797E-04  0.13777159301264E-02
  0.33396414471637E-04  0.22520873424792E-06 -0.13865814562116E-02
  0.18352716759905E-04 -0.12530385175630E-04  0.14017055484156E-02
  0.11468824116800E-04  0.13811730341575E-04  0.12973637728847E-02
  0.40675593788148E-04 -0.31625393745973E-04 -0.13875427355458E-02
  0.48180739077560E-04 -0.20283355233248E-04 -0.13734295566012E-02
  0.23068091493474E-04  0.30134950316723E-04  0.13460280110759E-02
  0.37631678066835E-04  0.49100772809174E-05 -0.13460280107970E-02
  0.16893241318679E-04  0.28809540084661E-04  0.13865814551491E-02
 -0.33721196876220E-04 -0.16865434032823E-04 -0.13777159296676E-02
 -0.47726194635718E-04 -0.19413400687197E-04 -0.13875427349608E-02
  0.14563586905598E-04 -0.35045029924279E-04  0.13460280096474E-02
 -0.12768863326620E-04  0.57428271126321E-05  0.13942419947847E-02
 -0.43132240901237E-04 -0.22595245621380E-04  0.13852318085792E-02
 -0.20890894027427E-04  0.17979476153669E-04 -0.13219411942893E-02
 -0.86602477169512E-05  0.16816161794942E-04 -0.13045317620678E-02
 -0.45630841891584E-04 -0.27806603934442E-04  0.13821360450513E-02
  0.31116575611888E-05 -0.55817460782056E-05 -0.13223473065809E-02
 -0.18071014980329E-04 -0.16324045249174E-04  0.13945771430969E-02
  0.21374213737280E-04 -0.32036423532008E-04 -0.13612750763086E-02
  0.33053230392411E-04 -0.34807895642292E-04 -0.13871415016541E-02
 -0.38431462153106E-04 -0.24924024524419E-05 -0.13612750762056E-02
  0.88805343033657E-12 -0.11508460122512E-12  0.12762657258411E-02
