  0.59554801872068E-05 -0.30118798817818E-06  0.13271974316700E-02
  0.57941976858843E-04  0.49772293735622E-04 -0.21369855960684E-03
 -0.12358268996833E-04 -0.41901084855427E-05 -0.13214311252671E-02
 -0.65316501696149E-04  0.74345338475806E-04 -0.33435421957067E-03
 -0.88805822771826E-06  0.20520588495655E-04 -0.13126209879982E-02
 -0.97286398330361E-04  0.61936096955385E-04 -0.46389888065200E-03
  0.10542856916507E-05  0.16545600635442E-04 -0.13240124287801E-02
 -0.59088647651261E-12 -0.60237855524370E-12 -0.38931114632409E-03
  0.74122104489136E-12  0.46896852965387E-12 -0.13285252894972E-02
 -0.25095206077576E-04 -0.60506943535651E-05 -0.13214609858863E-02
  0.10726527404520E-03 -0.53185599223424E-04 -0.45981461332922E-03
  0.83282503221487E-04 -0.61090840969502E-04 -0.31457955529936E-03
 -0.68277359124577E-05  0.60773416552730E-05 -0.13229211946397E-02
 -0.66856091895080E-04  0.73801448053206E-04 -0.38116611048187E-03
 -0.12062309483590E-04  0.66245192680971E-05 -0.13175996214578E-02
 -0.75725579927517E-05  0.11948725290641E-03 -0.45981461163738E-03
  0.53568318173463E-05 -0.34141735345828E-05 -0.13255239352074E-02
  0.10228143265791E-03  0.53284444325009E-04 -0.46389887723874E-03
  0.13801767966113E-04 -0.91858391101419E-05 -0.13240124296886E-02
 -0.56351783058087E-05 -0.29320659074136E-05 -0.13255239348603E-02
  0.97341974476392E-04  0.20998349822422E-04 -0.38116611108967E-03
  0.53922019553799E-04 -0.45698250506793E-04 -0.37617530877807E-03
 -0.49950341686164E-05 -0.11522054213839E-03 -0.46389888055930E-03
  0.14133081836539E-04 -0.75065370115570E-04 -0.21369855717204E-03
  0.25503947560348E-05  0.12797628831716E-04 -0.13214311248594E-02
 -0.94547473022561E-04 -0.41579342757100E-04 -0.31457955542377E-03
  0.86770002938893E-05  0.28743233114472E-05 -0.13229211939095E-02
 -0.30485882678236E-04 -0.94799797372535E-04 -0.38116611110173E-03
  0.29415353573967E-06 -0.13758526471133E-04 -0.13175996217218E-02
 -0.31726700804878E-04 -0.93738417138956E-04 -0.33435421788679E-03
 -0.17327322656175E-04 -0.11029374574456E-04 -0.13126209871410E-02
 -0.14856053590840E-04 -0.73597615405890E-05 -0.13240124288623E-02
 -0.51933492708533E-04  0.12232594493370E-04 -0.26198193831445E-03
 -0.14744088497762E-04  0.12355192019872E-03 -0.42437731400469E-03
 -0.35690207183856E-05 -0.24951258166735E-05 -0.13221754275696E-02
  0.36560484082612E-04  0.38859426820905E-04 -0.26198193690376E-03
  0.11740635151721E-04  0.17924618027934E-04 -0.13143605838389E-02
 -0.66536854837670E-04 -0.23848712850560E-04 -0.37617530922926E-03
  0.73075482823539E-05  0.24758432520880E-04 -0.13214609860934E-02
 -0.99692716021706E-04 -0.66301653048160E-04 -0.45981461031581E-03
  0.27834643892497E-06  0.63462386067662E-05 -0.13255239357489E-02
 -0.21393492086564E-04  0.12053801848994E-05 -0.13143605841344E-02
 -0.37633227811467E-06  0.43384254359624E-05 -0.13221754275372E-02
  0.11768157858715E-04  0.71340082714423E-05 -0.13175996219309E-02
 -0.18492646818374E-05 -0.89516647486411E-05 -0.13229211951672E-02
  0.17559011197125E-04 -0.11768083256480E-05  0.13223133567660E-02
 -0.89621896310303E-04 -0.65454744046223E-05  0.29213281632845E-03
 -0.84656651159383E-05  0.15247829812341E-04  0.13092388024190E-02
 -0.96930302331818E-05  0.75829758871766E-04  0.23539478597973E-03
  0.13078430904808E-04  0.11544782928962E-04  0.13122328637742E-02
  0.93369168367150E-04  0.32298170267483E-04  0.31016302843270E-03
  0.15035421722074E-04 -0.27295456886251E-05  0.13195149696946E-02
 -0.13389974694569E-04  0.71818441201656E-04  0.29261706717759E-03
  0.33655969251063E-04 -0.43428569170869E-04  0.30140124724049E-03
 -0.74832596607183E-06 -0.60630782114687E-05  0.13223334471352E-02
 -0.77853664059032E-05  0.21811658012326E-04  0.13188979049945E-02
  0.23781817365010E-06 -0.40424186525484E-04  0.25517715547377E-03
 -0.27701308030378E-05  0.25228856065328E-04  0.13197549974699E-02
  0.90762345249596E-04  0.57226764009168E-04  0.43149462265796E-03
  0.24911697775830E-05  0.75485781545310E-05  0.13227546965110E-02
  0.67346704404255E-04  0.10618884909947E-03  0.46229087988410E-03
 -0.81962361059453E-05 -0.12831505581598E-04  0.13236020242135E-02
  0.21491077178742E-05  0.12846772972910E-03  0.43130066999179E-03
  0.93592426663828E-05  0.44421037772935E-04  0.18171535948419E-03
  0.11264969725008E-04  0.10267018497587E-03 -0.31457955626381E-03
  0.26062118774504E-04 -0.53654313463143E-05  0.13159072541640E-02
  0.49231853179450E-05 -0.67490830620496E-05  0.13069355569458E-02
  0.12614835970376E-04  0.69546963221413E-04 -0.37617530837192E-03
  0.17787656654540E-04 -0.18707737783850E-04 -0.13214609862515E-02
  0.97043202612974E-04  0.19393079875460E-04 -0.33435421995652E-03
  0.18215380536267E-04 -0.94912140585138E-05 -0.13126209871245E-02
 -0.72075058630411E-04  0.25293077395120E-04 -0.21369855834529E-03
  0.98078745217128E-05 -0.86075206407817E-05 -0.13214311252192E-02
  0.15373008737997E-04 -0.51092021139170E-04 -0.26198193789826E-03
  0.96528567152747E-05 -0.19129997571986E-04 -0.13143605847052E-02
  0.18845822776311E-05 -0.45770807993860E-04  0.20854188399127E-03
 -0.99627056569239E-04 -0.74544715730126E-04 -0.42437731496691E-03
 -0.35975595879735E-04 -0.65558712056745E-04 -0.42440781956194E-03
 -0.59554805414676E-05 -0.30118762184253E-06 -0.13271974294807E-02
  0.32385752559301E-05 -0.50070029604831E-05 -0.13271974280894E-02
  0.35975595001129E-04 -0.65558712169366E-04  0.42440781554687E-03
  0.12864456609239E-04 -0.12675661956582E-04  0.13177334315328E-02
  0.18551826236615E-04 -0.13322787743769E-03  0.44287769160024E-03
  0.18526556763101E-04 -0.64949021972474E-05  0.13246779896879E-02
 -0.61894711546157E-04 -0.89054215053607E-04  0.45950810419346E-03
  0.39453526339658E-05 -0.18432991159341E-05 -0.13221754276614E-02
 -0.14996767802840E-04 -0.17648155876634E-04  0.13188979045876E-02
  0.11437114505539E-03 -0.49007205550807E-04 -0.42437731341451E-03
 -0.38787712858443E-04  0.63935135395928E-04 -0.42440781979011E-03
 -0.58288886672063E-04 -0.11141838100325E-03 -0.46229087741212E-03
 -0.52916759673342E-05 -0.59317055789071E-05 -0.13227546972113E-02
 -0.41786594621174E-05 -0.10721587941750E-03 -0.43149462237311E-03
 -0.23233896442083E-04 -0.10215423652694E-04 -0.13197549970138E-02
  0.35127281561352E-04  0.20006136556955E-04 -0.25517715466112E-03
 -0.22782133604057E-04 -0.41635039499621E-05 -0.13188979049199E-02
  0.96930310285816E-05  0.75829759082178E-04 -0.23539478582158E-03
  0.84656655059890E-05  0.15247831305840E-04 -0.13092388025530E-02
  0.70142911573839E-05  0.13513902779267E-04 -0.13236020243864E-02
 -0.90762345288045E-04  0.57226764639380E-04 -0.43149462319430E-03
 -0.69872994808172E-04 -0.31291024211724E-05 -0.42381230955969E-03
  0.19008903967978E-06  0.92679072018450E-05 -0.13273299248313E-02
  0.37646379712890E-04 -0.58947237283134E-04 -0.42381231078808E-03
 -0.81212873887076E-05 -0.44693320443933E-05 -0.13273299245802E-02
  0.11233087343397E-03 -0.62372683006952E-04 -0.43130066975822E-03
 -0.15210528950847E-04 -0.68239658575801E-06 -0.13236020239484E-02
  0.43149367336991E-04 -0.14105177170626E-04 -0.18171536175444E-03
 -0.56249431897304E-05  0.23834698565775E-05 -0.13223334482751E-02
  0.27701316687079E-05  0.25228856451334E-04 -0.13197549973831E-02
 -0.18845830775987E-05 -0.45770808067154E-04 -0.20854188547575E-03
 -0.11018176332574E-03 -0.66095046806458E-04 -0.43130066970095E-03
 -0.23781822959386E-06 -0.40424187696990E-04 -0.25517715441684E-03
  0.46175858426522E-04  0.98129498670762E-04 -0.45950810549771E-03
  0.14888028785408E-04 -0.12797017817374E-04 -0.13246779892145E-02
  0.12465464015792E-03  0.50547586574634E-04 -0.44287769210921E-03
  0.17409675223889E-04 -0.48031161540678E-05 -0.13177334313622E-02
 -0.39142402139811E-04  0.80887576150394E-04 -0.29213281602308E-03
  0.97986513799951E-05 -0.14618145149967E-04 -0.13223133563804E-02
  0.54438229155863E-04 -0.74326398721238E-05 -0.30140124756030E-03
  0.17677658288218E-04 -0.19887741004229E-04 -0.13159072540928E-02
  0.77853667537755E-05  0.21811658669111E-04 -0.13188979045816E-02
  0.40580973008273E-04  0.21253307741969E-04 -0.20854188396642E-03
 -0.33790125309122E-04 -0.30315860177677E-04 -0.18171535911797E-03
  0.48766164430528E-05  0.36796087461102E-05 -0.13223334480164E-02
 -0.68891582463498E-04 -0.24313163299045E-04 -0.29261706711291E-03
  0.98815680510977E-05 -0.11656285022544E-04 -0.13195149695312E-02
  0.18713546332564E-04 -0.97009156553911E-04 -0.31016302826281E-03
 -0.34588601422983E-05 -0.17098645747747E-04 -0.13122328644701E-02
 -0.70517012933042E-04 -0.29520468103128E-04 -0.23539478522506E-03
 -0.17437841881437E-04 -0.29243341959516E-06 -0.13092388019912E-02
  0.83064696485970E-05 -0.88906109987405E-06 -0.13069355566550E-02
  0.27169048863295E-05  0.53081900539919E-05 -0.13271974279080E-02
 -0.49231850160665E-05 -0.67490832676902E-05 -0.13069355569467E-02
 -0.13078431238635E-04  0.11544782341264E-04 -0.13122328646087E-02
 -0.20782259249347E-04  0.50861209870420E-04 -0.30140124736763E-03
  0.83844593999006E-05  0.25253172104382E-04 -0.13159072534627E-02
 -0.10807056877252E-03 -0.90752829783443E-05 -0.45950810556520E-03
  0.36385286770749E-05  0.19291920670175E-04 -0.13246779896022E-02
  0.61894710463407E-04 -0.89054216005551E-04 -0.45950810494860E-03
 -0.18526556699387E-04 -0.64949025843002E-05 -0.13246779892185E-02
  0.89621896930447E-04 -0.65454740064148E-05 -0.29213281627071E-03
 -0.17559011148447E-04 -0.11768093555128E-05 -0.13223133569535E-02
  0.16537290754226E-04  0.55538638071161E-05 -0.13122328645053E-02
 -0.93592424879352E-05  0.44421036968788E-04 -0.18171535857844E-03
 -0.34889464897723E-04  0.20418049701251E-04 -0.25517715402917E-03
  0.14996766912949E-04 -0.17648155669553E-04 -0.13188979043969E-02
  0.60823981575115E-04 -0.46309289924365E-04 -0.23539478677915E-03
  0.89721766269129E-05 -0.14955397207850E-04 -0.13092388020637E-02
 -0.38696391582196E-04  0.24517500708948E-04 -0.20854188532950E-03
 -0.33832850673550E-05  0.76381448344249E-05 -0.13069355572750E-02
 -0.10610281389041E-03  0.82680290867096E-04 -0.44287769194496E-03
 -0.45452167475305E-05  0.17478777810975E-04 -0.13177334310626E-02
  0.74832538310923E-06 -0.60630774990601E-05 -0.13223334488719E-02
 -0.93369167512481E-04  0.32298173391760E-04 -0.31016302953561E-03
  0.74655621853177E-04  0.64710985571103E-04 -0.31016302901566E-03
  0.94941004870029E-04  0.49989114416143E-04 -0.43149462205731E-03
 -0.67346705445028E-04  0.10618884591948E-03 -0.46229087790798E-03
 -0.24911689438628E-05  0.75485790928129E-05 -0.13227546966601E-02
  0.32226615170000E-04  0.62076338776241E-04 -0.42381231066715E-03
  0.79311995682629E-05 -0.47985758710270E-05 -0.13273299246933E-02
  0.12563559252027E-03  0.52295338772533E-05 -0.46229087748072E-03
  0.77828454251087E-05 -0.16168730521878E-05 -0.13227546971580E-02
  0.55501607168680E-04 -0.47505278628198E-04 -0.29261706665183E-03
  0.51538550752554E-05  0.14385829920292E-04 -0.13195149695077E-02
  0.20463765362698E-04 -0.15013432771423E-04 -0.13197549970048E-02
 -0.50479494912426E-04 -0.74342103049877E-04 -0.29213281631856E-03
 -0.18551824997200E-04 -0.13322787689834E-03 -0.44287769077934E-03
 -0.12864458078436E-04 -0.12675662415040E-04 -0.13177334309485E-02
 -0.33655969675268E-04 -0.43428569295587E-04 -0.30140124750631E-03
 -0.26062118357659E-04 -0.53654296908071E-05 -0.13159072540569E-02
  0.13389974025453E-04  0.71818441474875E-04 -0.29261706715497E-03
 -0.15035422147498E-04 -0.27295459983023E-05 -0.13195149685078E-02
 -0.21491077026068E-05  0.12846773080180E-03 -0.43130066961254E-03
  0.81962363367374E-05 -0.12831507153964E-04 -0.13236020238539E-02
  0.77603590796398E-05  0.15794955061916E-04 -0.13223133564771E-02
  0.34889463585818E-04  0.20418049054145E-04  0.25517715488756E-03
  0.74763307255851E-04  0.16235766383769E-05 -0.42440781942518E-03
 -0.48766167069360E-05  0.36796083388494E-05  0.13223334478401E-02
  0.22782134425606E-04 -0.41635042115095E-05  0.13188979048126E-02
  0.91329973633321E-12 -0.44325101915943E-12  0.13285252897392E-02
  0.70517013539098E-04 -0.29520468577764E-04  0.23539478499234E-03
  0.17437841527681E-04 -0.29243437676972E-06  0.13092388020600E-02
 -0.64576955615213E-12  0.25807704698758E-12  0.38931114254713E-03
 -0.40580973276176E-04  0.21253306865026E-04  0.20854188363374E-03
 -0.83064697009936E-05 -0.88906155462557E-06  0.13069355576866E-02
 -0.13801766703806E-04 -0.91858384243173E-05  0.13240124291560E-02
 -0.12465463831385E-03  0.50547586436384E-04  0.44287769193243E-03
 -0.10228143099326E-03  0.53284444259910E-04  0.46389888002825E-03
 -0.17409674227437E-04 -0.48031143767424E-05  0.13177334315501E-02
 -0.74763305957154E-04  0.16235779979550E-05  0.42440781188179E-03
 -0.32385774739755E-05 -0.50070021315514E-05  0.13271974325743E-02
 -0.18215381428112E-04 -0.94912142772503E-05  0.13126209873541E-02
 -0.35127281444277E-04  0.20006136604620E-04  0.25517715459627E-03
  0.10610281410266E-03  0.82680292696402E-04  0.44287769143948E-03
  0.45452172636984E-05  0.17478778861950E-04  0.13177334310550E-02
  0.20782258738598E-04  0.50861208778136E-04  0.30140124708440E-03
 -0.83844593376489E-05  0.25253171479874E-04  0.13159072543263E-02
 -0.29415435554106E-06 -0.13758526676997E-04  0.13175996218846E-02
  0.30485883735958E-04 -0.94799797067966E-04  0.38116611047487E-03
  0.66536854941797E-04 -0.23848712701632E-04  0.37617530779253E-03
 -0.51538554125978E-05  0.14385830932497E-04  0.13195149699582E-02
  0.14856053086678E-04 -0.73597618398299E-05  0.13240124300168E-02
 -0.11233087138234E-03 -0.62372682277340E-04  0.43130067028346E-03
  0.15210528686330E-04 -0.68239743403615E-06  0.13236020237540E-02
  0.49950338046670E-05 -0.11522054085392E-03  0.46389887809660E-03
  0.41786592538203E-05 -0.10721587925348E-03  0.43149462337161E-03
  0.23233897020156E-04 -0.10215423545580E-04  0.13197549969373E-02
  0.56351777395268E-05 -0.29320653815903E-05  0.13255239351711E-02
 -0.97043202300681E-04  0.19393079496173E-04  0.33435421916794E-03
  0.99692716953355E-04 -0.66301653023361E-04  0.45981461185633E-03
  0.56249426282662E-05  0.23834695969127E-05  0.13223334471052E-02
 -0.27834593547132E-06  0.63462402095586E-05  0.13255239357272E-02
 -0.14133081545645E-04 -0.75065370504441E-04  0.21369855778199E-03
 -0.25503948250253E-05  0.12797628263303E-04  0.13214311252492E-02
 -0.10542856860667E-05  0.16545599231204E-04  0.13240124288914E-02
  0.99627056594206E-04 -0.74544715942305E-04  0.42437731378054E-03
 -0.39453524436752E-05 -0.18432999138879E-05  0.13221754280748E-02
  0.97286398804001E-04  0.61936095635132E-04  0.46389888176323E-03
  0.72075058690072E-04  0.25293077504139E-04  0.21369855866807E-03
 -0.98078739183341E-05 -0.86075203309406E-05  0.13214311255308E-02
 -0.53568318580215E-05 -0.34141744692403E-05  0.13255239358956E-02
 -0.11264969060673E-04  0.10267018496987E-03  0.31457955580726E-03
  0.18492636141814E-05 -0.89516641220478E-05  0.13229211943115E-02
  0.75725575277249E-05  0.11948725249368E-03  0.45981461191097E-03
  0.66856091366376E-04  0.73801449078153E-04  0.38116611035669E-03
  0.12062311764144E-04  0.66245190265987E-05  0.13175996221271E-02
 -0.17787657577420E-04 -0.18707738584295E-04  0.13214609851293E-02
  0.65316500394550E-04  0.74345337816986E-04  0.33435421930696E-03
  0.88805773653115E-06  0.20520589468671E-04  0.13126209873927E-02
 -0.43149368087286E-04 -0.14105177397932E-04  0.18171536071318E-03
 -0.77603591478076E-05  0.15794954351151E-04  0.13223133564166E-02
  0.50479495115385E-04 -0.74342102356043E-04  0.29213281673965E-03
  0.94547472219946E-04 -0.41579343063396E-04  0.31457955628528E-03
 -0.36385283969917E-05  0.19291919863591E-04  0.13246779895142E-02
 -0.86770015335626E-05  0.28743217991931E-05  0.13229211945423E-02
 -0.18713547209276E-04 -0.97009156864421E-04  0.31016302783403E-03
  0.10807056818726E-03 -0.90752842077894E-05  0.45950810406593E-03
 -0.11437114735396E-03 -0.49007203404760E-04  0.42437731398589E-03
 -0.15373010053181E-04 -0.51092022204680E-04  0.26198193789121E-03
 -0.96528565760743E-05 -0.19129998053710E-04  0.13143605852549E-02
 -0.11740635273715E-04  0.17924617536976E-04  0.13143605834118E-02
 -0.36560483693577E-04  0.38859427393451E-04  0.26198193820729E-03
 -0.12614836484469E-04  0.69546962212560E-04  0.37617530867790E-03
  0.37633285500652E-06  0.43384251928136E-05  0.13221754277138E-02
  0.34588592520408E-05 -0.17098645270823E-04  0.13122328641957E-02
 -0.55501607650780E-04 -0.47505278287683E-04  0.29261706735820E-03
  0.68891581682719E-04 -0.24313162619656E-04  0.29261706738613E-03
  0.81212884200286E-05 -0.44693305300433E-05  0.13273299247319E-02
  0.58288887485728E-04 -0.11141838161938E-03  0.46229087780902E-03
  0.68277355998997E-05  0.60773419885320E-05  0.13229211947802E-02
  0.52916754720233E-05 -0.59317054281705E-05  0.13227546975962E-02
 -0.83282503999218E-04 -0.61090842105353E-04  0.31457955623204E-03
 -0.10726527489900E-03 -0.53185599206056E-04  0.45981461326403E-03
 -0.98815668070597E-05 -0.11656285378468E-04  0.13195149691183E-02
  0.21393491786093E-04  0.12053803365975E-05  0.13143605850084E-02
  0.39142401621604E-04  0.80887577239613E-04  0.29213281735330E-03
 -0.97986515410227E-05 -0.14618144450954E-04  0.13223133566533E-02
  0.51933492333475E-04  0.12232594960384E-04  0.26198193787204E-03
 -0.60823983076941E-04 -0.46309290648897E-04  0.23539478791928E-03
 -0.89721759798674E-05 -0.14955396417693E-04  0.13092388022454E-02
 -0.37646378632870E-04 -0.58947237108824E-04  0.42381231093162E-03
  0.12358268822019E-04 -0.41901084514519E-05  0.13214311259387E-02
 -0.57941976313976E-04  0.49772292859534E-04  0.21369855824915E-03
 -0.20463765796617E-04 -0.15013432410221E-04  0.13197549974016E-02
 -0.32226614043874E-04  0.62076339401440E-04  0.42381230923565E-03
 -0.79311970476794E-05 -0.47985760687208E-05  0.13273299245879E-02
  0.35690199359376E-05 -0.24951267895279E-05  0.13221754277998E-02
  0.69872994075077E-04 -0.31291029148951E-05  0.42381230729033E-03
  0.14744089331832E-04  0.12355191873324E-03  0.42437731389319E-03
 -0.19009026072057E-06  0.92679071924717E-05  0.13273299247967E-02
  0.11018176381273E-03 -0.66095047364658E-04  0.43130067053061E-03
 -0.70142921780718E-05  0.13513902773625E-04  0.13236020239739E-02
 -0.27169028509268E-05  0.53081912403946E-05  0.13271974305261E-02
  0.38787712977408E-04  0.63935134761066E-04  0.42440781748713E-03
  0.33790125459614E-04 -0.30315859965004E-04  0.18171536067950E-03
 -0.94941005522540E-04  0.49989114044184E-04  0.43149462235385E-03
 -0.53922018890135E-04 -0.45698250481734E-04  0.37617530827492E-03
 -0.73075481725798E-05  0.24758432216625E-04  0.13214609853755E-02
 -0.11768156948817E-04  0.71340090624961E-05  0.13175996219209E-02
 -0.97341975463605E-04  0.20998349836711E-04  0.38116611106822E-03
 -0.74655621442954E-04  0.64710985456164E-04  0.31016302979773E-03
 -0.16537291293912E-04  0.55538622011118E-05  0.13122328637664E-02
 -0.46175858922764E-04  0.98129500476079E-04  0.45950810404833E-03
  0.17327321543794E-04 -0.11029375539427E-04  0.13126209877162E-02
 -0.14888028194303E-04 -0.12797018055756E-04  0.13246779899376E-02
 -0.17677658975829E-04 -0.19887740622981E-04  0.13159072540872E-02
 -0.12563559360498E-03  0.52295340721906E-05  0.46229087724110E-03
  0.31726701823561E-04 -0.93738417711237E-04  0.33435421979900E-03
  0.33832855250021E-05  0.76381447654354E-05  0.13069355569219E-02
 -0.77828458905376E-05 -0.16168727277063E-05  0.13227546971198E-02
 -0.54438228932450E-04 -0.74326397136232E-05  0.30140124659626E-03
  0.38696391461121E-04  0.24517500570600E-04  0.20854188668702E-03
  0.25095205458324E-04 -0.60506943331751E-05  0.13214609853584E-02
 -0.12723148112500E-04  0.94784500132841E-05 -0.13469138003646E-02
 -0.30644570664019E-04  0.63662809537297E-05  0.13414203017911E-02
 -0.57927492671889E-05  0.18157202858962E-05  0.13211352104665E-02
 -0.25031261803051E-05  0.30853197465745E-04 -0.13437868874978E-02
 -0.28106605201974E-04 -0.75553021600342E-05 -0.13390330009441E-02
 -0.30793355406041E-04 -0.24333562864369E-04 -0.13478613321126E-02
  0.60138049484630E-06  0.26330458282671E-04  0.13486346984093E-02
  0.22940904739389E-05  0.18649626224716E-04 -0.13387126194389E-02
  0.15221139220955E-04 -0.25287002037872E-04 -0.13419389240338E-02
  0.12705838882939E-05  0.54446960919687E-05 -0.13281047850979E-02
 -0.20718623965289E-04  0.55869357253695E-05  0.13270906653911E-02
  0.44688339295201E-05  0.41088077782632E-05  0.13211352096593E-02
  0.75102201997032E-05  0.28118685564311E-04 -0.13390330004118E-02
  0.20596385276654E-04 -0.20563382988063E-04 -0.13390330007468E-02
 -0.14875076869992E-04 -0.36210651414107E-05  0.13379884293527E-02
 -0.15602870411388E-05 -0.28152648169877E-04  0.13354380712873E-02
  0.63839617643823E-05 -0.14268644631759E-04 -0.13298378798077E-02
  0.25161051239360E-04  0.12725074713876E-04  0.13354380724279E-02
  0.27971215113126E-04 -0.13258827351637E-04 -0.13437868867158E-02
 -0.53505367770610E-05 -0.16219910909746E-05 -0.13281047853833E-02
 -0.15548989536951E-04  0.16056495050375E-05 -0.13298378800392E-02
  0.43016050015372E-05  0.14692726819534E-04  0.13379884293152E-02
 -0.56768061214381E-05  0.38834609653583E-04 -0.13478613323401E-02
 -0.17298096361368E-04 -0.73380720752515E-05 -0.13387126194491E-02
 -0.17265785519958E-04 -0.30522676789444E-04 -0.13359021897302E-02
 -0.37847358239095E-05 -0.90267690664978E-05 -0.13214114589698E-02
  0.15280065153654E-04 -0.18389772217453E-04  0.13302192997608E-02
  0.13239159938430E-05 -0.59245277752304E-05  0.13211352091419E-02
 -0.33383920338253E-04 -0.19783170381839E-04  0.13443095153758E-02
 -0.17800521110669E-04  0.30213947584972E-04 -0.13359021896962E-02
 -0.25468088845566E-04 -0.17594369795489E-04 -0.13437868872486E-02
 -0.21488288689751E-04 -0.56865863360026E-05  0.13519944274057E-02
  0.82859770732742E-05  0.22427810530402E-04  0.13302193002439E-02
  0.27930747942792E-04 -0.11923685203878E-04 -0.13458975020406E-02
  0.97097801880309E-05  0.12357080408192E-05 -0.13214114603911E-02
  0.14570152612054E-04  0.62793441283227E-05 -0.13469138001484E-02
 -0.29509755332388E-04 -0.53839323639084E-06 -0.13419389243570E-02
 -0.14727365566076E-05 -0.13818055095411E-04  0.13433044154357E-02
  0.36470160946628E-04 -0.14501046864771E-04 -0.13478613329995E-02
  0.11258457293451E-04  0.39272769726382E-04  0.13437225830387E-02
  0.22502154969527E-04 -0.13686038720628E-04  0.13486346994494E-02
  0.47097403090680E-05  0.92530163084547E-05 -0.13535137193950E-02
  0.35066306741696E-04  0.30872940956074E-06 -0.13359021894789E-02
  0.15004005725252E-04 -0.11311554744176E-04 -0.13387126185071E-02
 -0.34771268303341E-04 -0.10062180191612E-04  0.13411140027396E-02
  0.58194158760010E-05  0.21452697372258E-04  0.13519944268988E-02
  0.91650286844298E-05  0.12662996198145E-04 -0.13298378796200E-02
 -0.24291586893626E-04 -0.18226895166572E-04 -0.13458975018360E-02
  0.28381986493844E-04 -0.29386494690735E-04  0.13437225832431E-02
  0.56584765758722E-05 -0.87052632933455E-05 -0.13535137193545E-02
 -0.59250439856027E-05  0.77910630696872E-05 -0.13214114588796E-02
  0.20718623040607E-04  0.55869329021717E-05 -0.13270906653123E-02
  0.12703155736310E-04  0.56335998391981E-05  0.13433044155009E-02
 -0.63839630005474E-05 -0.14268645360920E-04  0.13298378799764E-02
 -0.15197737914179E-04  0.15149387110792E-04 -0.13270906646761E-02
  0.17265786148228E-04 -0.30522676108259E-04  0.13359021885028E-02
 -0.86715310000033E-05  0.35143890810395E-04 -0.13411140023236E-02
 -0.20835646549527E-04  0.23355836120343E-04 -0.13414203018183E-02
  0.30793355607743E-04 -0.24333564224102E-04  0.13478613320627E-02
 -0.58194172834696E-05  0.21452697523296E-04 -0.13519944275307E-02
  0.18470050731042E-05 -0.15757793619070E-04  0.13469137999134E-02
  0.44076705180664E-06  0.38802907295321E-04 -0.13443095151071E-02
  0.11230418423008E-04  0.81844549814821E-05 -0.13433044158204E-02
  0.53505374090190E-05 -0.16219909327974E-05  0.13281047862948E-02
 -0.22502155153271E-04 -0.13686040707397E-04 -0.13486346983726E-02
  0.12723147790798E-04  0.94784491260140E-05  0.13469137996775E-02
 -0.43016051507168E-05  0.14692726744089E-04 -0.13379884298385E-02
  0.23600765726060E-04  0.15427573078015E-04 -0.13354380716860E-02
 -0.47097413090013E-05  0.92530157182932E-05  0.13535137197957E-02
  0.39640444025547E-04 -0.98862732812127E-05 -0.13437225832191E-02
 -0.27930748745524E-04 -0.11923685067531E-04  0.13458975017301E-02
 -0.28381986480037E-04 -0.29386494730752E-04 -0.13437225838563E-02
  0.74600605372859E-12  0.12356392215669E-11 -0.13185028701587E-02
 -0.12705819564966E-05  0.54446980741709E-05  0.13281047845977E-02
 -0.22940899204636E-05  0.18649626739718E-04  0.13387126199544E-02
 -0.14570152962567E-04  0.62793427102485E-05  0.13469137993917E-02
 -0.91650277784112E-05  0.12662997752486E-04  0.13298378810291E-02
  0.25031254703774E-05  0.30853197022054E-04  0.13437868871975E-02
 -0.97097797043251E-05  0.12357078612923E-05  0.13214114599377E-02
  0.15548989850353E-04  0.16056485763235E-05  0.13298378807023E-02
  0.17800521895056E-04  0.30213947316170E-04  0.13359021883359E-02
  0.29509755509733E-04 -0.53839401368021E-06  0.13419389247131E-02
  0.59250441906810E-05  0.77910634163034E-05  0.13214114595820E-02
 -0.14288614511540E-04  0.25825394913013E-04  0.13419389246360E-02
 -0.35066306331520E-04  0.30872920531188E-06  0.13359021883523E-02
 -0.15280065933731E-04 -0.18389771524084E-04 -0.13302193025697E-02
  0.37847351909227E-05 -0.90267708837614E-05  0.13214114585148E-02
  0.17298096679077E-04 -0.73380728984124E-05  0.13387126194709E-02
  0.24291586497964E-04 -0.18226893830652E-04  0.13458975021520E-02
 -0.27971215889680E-04 -0.13258827282224E-04  0.13437868878846E-02
  0.10368216477807E-04 -0.54775365865536E-06  0.13535137189261E-02
 -0.36470161069921E-04 -0.14501046020384E-04  0.13478613324285E-02
 -0.75102183626312E-05  0.28118683567493E-04  0.13390330014476E-02
 -0.56584769196182E-05 -0.87052625815635E-05  0.13535137198588E-02
 -0.20596386914960E-04 -0.20563381724959E-04  0.13390330011933E-02
  0.56768063604534E-05  0.38834609933958E-04  0.13478613320194E-02
 -0.15004005928381E-04 -0.11311553382144E-04  0.13387126189759E-02
 -0.15221139634868E-04 -0.25287000868049E-04  0.13419389235659E-02
  0.57927493821914E-05  0.18157198761057E-05 -0.13211352092692E-02
  0.25468089351487E-04 -0.17594370133580E-04  0.13437868884664E-02
  0.15197738123458E-04  0.15149387762439E-04  0.13270906659310E-02
  0.36391610436569E-05  0.30150580095740E-04  0.13458975013612E-02
  0.34771267880022E-04 -0.10062181308642E-04 -0.13411140019612E-02
  0.98089240903808E-05 -0.29722117226459E-04  0.13414203021674E-02
  0.21488289803558E-04 -0.56865869900263E-05 -0.13519944280654E-02
  0.33824689125631E-04 -0.19019739064437E-04  0.13443095154113E-02
 -0.60138013372272E-06  0.26330457743594E-04 -0.13486346991051E-02
 -0.11258457091861E-04  0.39272768558576E-04 -0.13437225832232E-02
  0.10573472805017E-04 -0.11071660304428E-04  0.13379884290589E-02
 -0.26099737484754E-04 -0.25081711859332E-04 -0.13411140019448E-02
 -0.12703155057992E-04  0.56335994273642E-05 -0.13433044164668E-02
 -0.98089246618737E-05 -0.29722116370829E-04 -0.13414203031412E-02
 -0.55208838721409E-05 -0.20736322050204E-04 -0.13270906644598E-02
 -0.23600763402298E-04  0.15427572720835E-04  0.13354380725451E-02
  0.40799530151767E-05 -0.38227056114877E-05 -0.13281047848142E-02
 -0.44076660372913E-06  0.38802908391096E-04  0.13443095155509E-02
 -0.18470048426314E-05 -0.15757794283411E-04 -0.13469138000906E-02
 -0.10368217412360E-04 -0.54775325697044E-06 -0.13535137195821E-02
  0.86715318695315E-05  0.35143892181509E-04  0.13411140028477E-02
 -0.36391601642605E-05  0.30150579569751E-04 -0.13458975023929E-02
 -0.23566042794837E-04 -0.40380382527575E-05  0.13302192997056E-02
  0.14288615587392E-04  0.25825394373214E-04 -0.13419389240536E-02
  0.20835645158135E-04  0.23355836419976E-04  0.13414203012348E-02
 -0.25161052330896E-04  0.12725075062551E-04 -0.13354380724256E-02
  0.23566041770400E-04 -0.40380384399212E-05 -0.13302193014325E-02
  0.23103534632996E-04 -0.12644418585264E-04 -0.13486346984811E-02
  0.28106605702588E-04 -0.75553019612162E-05  0.13390330004440E-02
  0.14727368671518E-05 -0.13818055516490E-04 -0.13433044154840E-02
 -0.40799554927587E-05 -0.38227060754221E-05  0.13281047852980E-02
  0.15602874159692E-05 -0.28152647295516E-04 -0.13354380720426E-02
 -0.13239141557268E-05 -0.59245284299080E-05 -0.13211352079557E-02
  0.55208848861708E-05 -0.20736322375495E-04  0.13270906657602E-02
 -0.44688351472267E-05  0.41088079510600E-05 -0.13211352091274E-02
 -0.33824689433902E-04 -0.19019739229319E-04 -0.13443095149921E-02
  0.26099737180187E-04 -0.25081714367758E-04  0.13411140020938E-02
 -0.15668872317015E-04 -0.15766111888424E-04 -0.13519944280924E-02
  0.15668872606607E-04 -0.15766111380431E-04  0.13519944273274E-02
  0.30644571231389E-04  0.63662811411773E-05 -0.13414203023444E-02
 -0.23103534765126E-04 -0.12644418562244E-04  0.13486346992601E-02
  0.33383920992123E-04 -0.19783169370457E-04 -0.13443095151412E-02
  0.14875077178926E-04 -0.36210652932995E-05 -0.13379884292735E-02
 -0.39640444879417E-04 -0.98862734623790E-05  0.13437225833165E-02
 -0.82859765301187E-05  0.22427810880860E-04 -0.13302193010924E-02
 -0.11230416871147E-04  0.81844541904411E-05  0.13433044162202E-02
 -0.10573472054083E-04 -0.11071660850463E-04 -0.13379884295525E-02
 -0.15052132690084E-12 -0.91523080815691E-13  0.13185028713829E-02
