 -0.20953735147679E-05  0.22085289656145E-06  0.13137911463171E-02
 -0.16543438659466E-04  0.11398633909433E-04 -0.13368831536848E-02
  0.45832768355799E-05  0.20356338482079E-04 -0.13120715363162E-04
 -0.11060450344623E-04  0.20053176528048E-05 -0.13431689758161E-02
 -0.19920742737195E-04 -0.62089367474882E-05 -0.13120713542114E-04
  0.37935713226646E-05 -0.10581290264942E-04 -0.13431689746801E-02
 -0.62241911914420E-04 -0.28036168035981E-04 -0.14921764738400E-03
  0.15220043556227E-04 -0.29977257848944E-04 -0.13394542560359E-02
 -0.22111751279760E-04 -0.45293631653232E-04 -0.22649299696774E-03
  0.21353288097673E-04 -0.41360214003854E-04 -0.13328378762167E-02
  0.14634079689737E-03 -0.91776563299065E-05 -0.44796261290919E-03
  0.14232364020632E-05  0.18104789197276E-04 -0.13242444142845E-02
  0.99558103010543E-04 -0.18951985439583E-04 -0.32269081838457E-03
  0.17240233396041E-05  0.23536213873267E-04 -0.13320803411402E-02
  0.41170804064889E-04 -0.18682362272824E-04 -0.10554549252253E-03
  0.41125677107189E-05  0.19115189489355E-04 -0.13394149560208E-02
  0.15337471747446E-04 -0.14147402671098E-04 -0.13120718367384E-04
  0.72668802689330E-05  0.85759735605307E-05 -0.13431689754390E-02
 -0.36764799132754E-04 -0.26313783968944E-04 -0.10554548512713E-03
  0.14497956790272E-04 -0.13119182417573E-04 -0.13394149554601E-02
 -0.65094604106300E-04 -0.43839555731926E-04 -0.22792554234806E-03
  0.17935944420361E-04 -0.32143117721350E-04 -0.13343093268444E-02
  0.70513470693775E-04 -0.34453802848563E-04 -0.22792554050365E-03
  0.18868782712253E-04  0.31604541216072E-04 -0.13343093281691E-02
  0.41582345268334E-04  0.33158346508017E-04 -0.19955747750136E-03
  0.55400987664323E-04 -0.39884993704645E-04 -0.14921765310813E-03
 -0.14537772575126E-04  0.13380958476710E-04 -0.13293312990204E-02
 -0.80362176017466E-05  0.70309097556421E-05 -0.13210917781124E-02
 -0.50374983570931E-04  0.90189442284502E-04 -0.40457117890701E-03
 -0.43193636017086E-05 -0.19280560155283E-04 -0.13293312991996E-02
  0.16058895330217E-04  0.68736099794043E-04 -0.41606713510314E-03
  0.89115454613394E-05 -0.21466973386831E-04 -0.13261664471402E-02
  0.84064069039741E-05 -0.10097380181369E-03 -0.39518957050541E-03
  0.15544656894764E-05 -0.71315392551150E-05 -0.13160945064371E-02
  0.53981695321317E-04 -0.10256642504266E-03 -0.43966097779333E-03
 -0.94080577314604E-05 -0.16154738803813E-05 -0.13193255161908E-02
  0.51497764513226E-04 -0.48275464245652E-04 -0.41606713779064E-03
 -0.23046716411887E-04  0.30158583553302E-05 -0.13261664473454E-02
  0.20525394255516E-04  0.40279307049658E-04 -0.28567816955719E-03
 -0.32413480423759E-04  0.54994966203206E-05 -0.13326581351952E-02
  0.68409207912149E-05  0.67921160470502E-04 -0.14921764786872E-03
 -0.33571086653190E-04  0.18076821034354E-05 -0.13394542533499E-02
 -0.44060064687594E-05  0.44996142427165E-04 -0.10554548585675E-03
 -0.18610527419496E-04 -0.59960077529379E-05 -0.13394149566493E-02
 -0.49507140256871E-04  0.19432190764520E-04 -0.19955747641114E-03
 -0.15997852469362E-05 -0.20026354517392E-04 -0.13368831540151E-02
 -0.45145599992082E-04 -0.23641417276355E-05 -0.28567817083218E-03
  0.11444037878928E-04 -0.30820645751861E-04 -0.13326581343834E-02
  0.50932796299084E-04 -0.45757113627109E-04 -0.35756989120338E-03
 -0.18300543778892E-05  0.69003439270147E-07 -0.13155425254489E-02
  0.10775625136090E-03 -0.43358082008144E-04 -0.43667188521094E-03
  0.10329383657992E-03 -0.14687072865975E-05 -0.40457118008494E-03
  0.18351043213916E-04  0.28169574410484E-04 -0.13394542522227E-02
  0.79247979896718E-05 -0.52590538653365E-04 -0.19955747671254E-03
  0.18143226130986E-04  0.86277184294975E-05 -0.13368831547901E-02
 -0.32029081570144E-04  0.10561521613416E-05  0.13266652550080E-02
 -0.56588642450025E-04 -0.95284865471136E-04  0.37587897248421E-03
 -0.42498757732299E-04 -0.61241958358416E-05  0.13276464779979E-02
 -0.50490668585310E-04 -0.26212376103054E-04  0.26428161028119E-03
  0.89115453556450E-05  0.21466972543664E-04  0.13261664476035E-02
  0.16058895436460E-04 -0.68736099445341E-04  0.41606713724619E-03
 -0.43193653408209E-05  0.19280559431295E-04  0.13293312998749E-02
 -0.50374981837870E-04 -0.90189443298450E-04  0.40457117977583E-03
 -0.21244971086986E-04  0.10275059611310E-04  0.13320803407367E-02
 -0.33366151788370E-04 -0.95695836108308E-04  0.32269081981385E-03
 -0.36804726841158E-04 -0.53857417135872E-06  0.13343093274332E-02
 -0.54188633070590E-05 -0.78293357522270E-04  0.22792554088797E-03
 -0.46495637985314E-04 -0.21876181606182E-05  0.13328378746757E-02
 -0.28169561106134E-04 -0.41796156968080E-04  0.22649300006870E-03
 -0.38508743220804E-04 -0.27198370839750E-06  0.13271276799827E-02
 -0.35930237902471E-04  0.26607512533955E-04  0.29703770257180E-03
  0.11444037685953E-04  0.30820644499808E-04  0.13326581353744E-02
 -0.45145600056440E-04  0.23641427266029E-05  0.28567817011927E-03
 -0.15997870795053E-05  0.20026356878120E-04  0.13368831511272E-02
 -0.49507141904785E-04 -0.19432192412290E-04  0.19955747561718E-03
 -0.18610526940245E-04  0.59960086470073E-05  0.13394149566007E-02
 -0.44060044737099E-05 -0.44996142392448E-04  0.10554548722284E-03
 -0.33571088264656E-04 -0.18076823258134E-05  0.13394542518754E-02
 -0.65222310351280E-04 -0.13132366950033E-03  0.44796261165206E-03
 -0.16390823085589E-04  0.78198319009326E-05  0.13242444180514E-02
 -0.16328929200438E-04 -0.11499869854522E-03  0.43667188502882E-03
 -0.20708367458437E-05  0.10475029549108E-04  0.13210917790374E-02
 -0.66191951036679E-04 -0.76743853574248E-04 -0.32269081771701E-03
  0.19520951390106E-04 -0.13261154510895E-04 -0.13320803416766E-02
 -0.54224793780121E-04 -0.96649633164649E-04 -0.37587897396649E-03
  0.16929192085996E-04 -0.27209921151345E-04 -0.13266652570576E-02
  0.24620207874531E-04 -0.37915164730182E-04 -0.28567817121376E-03
  0.20969443796501E-04  0.25321150752244E-04 -0.13326581345963E-02
 -0.52918857852759E-04 -0.88720738833121E-04 -0.40457117943254E-03
  0.18857137425067E-04  0.58996007218361E-05 -0.13293313000332E-02
 -0.81118479854508E-04 -0.12214601721940E-03 -0.44796261399448E-03
  0.14967584424172E-04 -0.10284957378850E-04 -0.13242444163648E-02
 -0.91427326365384E-04 -0.71640616939464E-04 -0.43667188545638E-03
 -0.21244971157365E-04 -0.10275058731708E-04 -0.13320803414910E-02
  0.10107058177719E-04  0.34441150530674E-05 -0.13210917752412E-02
  0.61013566620723E-05 -0.49486268576101E-05 -0.13172755072966E-02
 -0.83378218073971E-05 -0.33551992210093E-04 -0.31669167566113E-03
  0.12389464938823E-05 -0.17042215663487E-05 -0.13137911482767E-02
  0.85641787138694E-06  0.19250710743550E-05 -0.13137911492942E-02
 -0.24887967763436E-04 -0.23996763663717E-04  0.31669167753983E-03
  0.85526983320706E-06  0.16193773498741E-05  0.13155425285180E-02
  0.14160423855210E-04 -0.66987645357304E-04  0.35756988416482E-03
 -0.73363160288816E-05  0.28096087014364E-05  0.13172755055480E-02
 -0.52967894461195E-04 -0.89700530626011E-04  0.39245568693613E-03
 -0.19375062072623E-04 -0.26550244272308E-06  0.13203133324403E-02
 -0.10404539900607E-03 -0.92779373353887E-04  0.44379666089956E-03
 -0.51198996643507E-04 -0.90721816456049E-04 -0.39245569025951E-03
 -0.33366152406085E-04  0.95695841249017E-04 -0.32269081799436E-03
 -0.36804726800545E-04  0.53857334451299E-06 -0.13343093278162E-02
 -0.54188655855340E-05  0.78293355547666E-04 -0.22792554071941E-03
 -0.67556660942990E-04 -0.20460632078280E-04 -0.41606713669155E-03
  0.14135175640882E-04  0.18451107007008E-04 -0.13261664514378E-02
  0.41007899229013E-04 -0.17812741897343E-04 -0.29703770328120E-03
  0.19018827389313E-04 -0.33485539517407E-04 -0.13271276810432E-02
  0.74935149115746E-04 -0.12411871146068E-04 -0.23143909953075E-03
  0.21508574095579E-04 -0.23759767692441E-04 -0.13244829659176E-02
  0.27666651835918E-04  0.11763031091316E-04 -0.10086089317390E-03
  0.19461507824615E-04 -0.14838734696047E-05 -0.13228662219115E-02
  0.27928086080420E-05  0.47642903872678E-04 -0.86468089988407E-04
  0.14638385081568E-04  0.21185384989016E-04 -0.13234706290469E-02
 -0.26718576009075E-04  0.71101679402232E-04 -0.23143909698201E-03
  0.98222753428654E-05  0.30506855797931E-04 -0.13244829650184E-02
 -0.97736076731887E-04  0.46773782461415E-04 -0.41174533175771E-03
  0.47846847876561E-05  0.21869290436389E-04 -0.13241920401226E-02
 -0.11581597441906E-03  0.45336842128162E-05 -0.43966096335730E-03
  0.33049849652423E-05  0.89553575186532E-05 -0.13193255175632E-02
 -0.65093219634140E-04 -0.21230534125614E-04 -0.35756988981687E-03
  0.97478430970040E-06  0.15503710885060E-05 -0.13155425275368E-02
  0.54364554062902E-04 -0.47868997933240E-04 -0.20741740834478E-03
  0.20433454298574E-04 -0.40008011450563E-04 -0.13267793263245E-02
  0.39863561339718E-04 -0.26240099138031E-04 -0.86468093883475E-04
  0.11027888745719E-04 -0.23269905061012E-04 -0.13234706291318E-02
  0.17519972215833E-11  0.69355800846614E-12  0.49250884649871E-05
  0.19489914062209E-04  0.33213557888848E-04 -0.13271276824147E-02
 -0.50776653037488E-05  0.44420254189285E-04 -0.29703770145279E-03
  0.24431228363475E-04  0.37699894991524E-04 -0.13267793248139E-02
  0.14273488048010E-04  0.71015581180126E-04 -0.20741740969646E-03
  0.10416688702543E-03  0.10212771278718E-05 -0.39245569127930E-03
  0.12349643245819E-05  0.77582407960491E-05 -0.13172755040176E-02
  0.83242673312751E-04  0.57767071222320E-04 -0.39518956611394E-03
  0.53988599970627E-05  0.49119797879950E-05 -0.13160945117192E-02
  0.13237199396284E-03  0.43716271240384E-04 -0.44379665900914E-03
  0.99174679752620E-05  0.16646541813796E-04 -0.13203133324339E-02
  0.11081343309220E-03  0.13647656371890E-05 -0.37587897571406E-03
  0.15099887415330E-04  0.28266072005089E-04 -0.13266652550588E-02
  0.61834279709967E-04  0.98032731959560E-04 -0.43966096497710E-03
  0.61030686989727E-05 -0.73398843165823E-05 -0.13193255201692E-02
  0.11007515229549E-03  0.91929379910215E-04 -0.45754641519425E-03
 -0.16931139312486E-12 -0.98501532595100E-12 -0.13211200421828E-02
  0.12736174422486E-04  0.42973721074181E-05 -0.13201163416401E-02
  0.20395460429204E-04  0.21795764749516E-04 -0.13228365668519E-02
  0.47945911454651E-04  0.30620013275836E-04 -0.26428160897535E-03
  0.26553084037033E-04  0.33742904734521E-04 -0.13276464789301E-02
  0.50281315171125E-04  0.34974766855631E-05 -0.22649299833733E-03
  0.25142351360216E-04  0.39172594624174E-04 -0.13328378749892E-02
  0.89375324873973E-04  0.61255035894556E-04 -0.41174532967652E-03
  0.16547021297576E-04 -0.15078303536189E-04 -0.13241920389593E-02
  0.73526361786010E-04  0.61855445976504E-04 -0.33399596731056E-03
  0.22153232466351E-04  0.21486801117813E-05 -0.13238694301940E-02
  0.23048994772986E-04  0.63802317773704E-04 -0.21681968731361E-03
  0.26705453277904E-04  0.21913796242773E-04 -0.13244110967902E-02
  0.83721477345484E-04  0.67547969865464E-04 -0.38443524306987E-03
  0.68409226595925E-05 -0.67921158236058E-04  0.14921764788571E-03
 -0.24020409477002E-04  0.18078505393581E-04 -0.10086089541253E-03
 -0.90331569425139E-04  0.32747975695524E-04 -0.33399596779035E-03
 -0.92158024372886E-05 -0.20259604876755E-04 -0.13238694305791E-02
 -0.48216568193298E-04 -0.58689804293042E-04 -0.23143909577173E-03
 -0.31330849104772E-04 -0.67470889021213E-05 -0.13244829651792E-02
 -0.68638041764928E-04 -0.23146587307294E-04 -0.20741741032124E-03
 -0.44864679811115E-04  0.23081181553342E-05 -0.13267793261780E-02
 -0.50490665975363E-04  0.26212372462071E-04 -0.26428160674585E-03
 -0.42498758481508E-04  0.61241946478746E-05 -0.13276464789694E-02
 -0.56588639191353E-04  0.95284869380194E-04 -0.37587897421181E-03
 -0.32029081840480E-04 -0.10561488840875E-05 -0.13266652548688E-02
 -0.65222311702599E-04  0.13132366875141E-03 -0.44796261150476E-03
 -0.16390826957234E-04 -0.78198329125127E-05 -0.13242444157052E-02
 -0.16328926413863E-04  0.11499869578102E-03 -0.43667189517451E-03
 -0.20708354995179E-05 -0.10475022769429E-04 -0.13210917769991E-02
 -0.28326591226826E-04 -0.13649564445082E-03 -0.44379665794850E-03
  0.94575986057167E-05 -0.16912053012764E-04 -0.13203133324768E-02
  0.24575604684825E-04 -0.14129257049067E-03 -0.45754641786282E-03
 -0.26464553420136E-05 -0.13178532550765E-04 -0.13201163401466E-02
  0.83607503317819E-05 -0.10802882374741E-03 -0.41174533154463E-03
 -0.21331703560437E-04 -0.67909871306989E-05 -0.13241920391864E-02
 -0.35930234967289E-04 -0.26607510322886E-04 -0.29703770067065E-03
 -0.38508742232835E-04  0.27198214777523E-06 -0.13271276805263E-02
 -0.28169562323422E-04  0.41796156934106E-04 -0.22649299741887E-03
 -0.46495639287115E-04  0.21876172513881E-05 -0.13328378763967E-02
  0.16805206485510E-04 -0.94603420371265E-04 -0.33399596551096E-03
  0.86779549642391E-05 -0.28560866580043E-04 -0.13228365639527E-02
  0.16637517900623E-04 -0.10627891334110E-03 -0.38443524495485E-03
  0.85526793137572E-06 -0.16193783824518E-05 -0.13155425197942E-02
 -0.12937429658558E-04  0.18110922541989E-04 -0.13238694295708E-02
 -0.13465076038180E-03  0.49363190168009E-04 -0.45754641654062E-03
 -0.10089718484212E-04  0.88811633120416E-05 -0.13201163428722E-02
 -0.91649081676153E-04  0.43206738494962E-04 -0.39518957380606E-03
 -0.69533352797616E-05  0.22195602898416E-05 -0.13160945128246E-02
 -0.24887972978044E-04  0.23996765939114E-04 -0.31669167433167E-03
 -0.20953695514219E-05 -0.22085079943487E-06 -0.13137911527813E-02
  0.25447516337574E-05 -0.56832384536258E-04 -0.26428160786382E-03
  0.15945667865163E-04 -0.39867102009025E-04 -0.13276464760511E-02
  0.43729930331016E-04 -0.51862171015693E-04 -0.21681968815263E-03
  0.56251761918362E-05 -0.34084497412293E-04 -0.13244110972873E-02
 -0.84456802429834E-05  0.17596096034492E-04 -0.13228662225812E-02
 -0.36462412933127E-05 -0.29841539839811E-04 -0.10086089641708E-03
 -0.42656373688199E-04 -0.21402808165427E-04 -0.86468097430854E-04
 -0.25666273207286E-04  0.20845206816761E-05 -0.13234706274834E-02
 -0.66778926483073E-04 -0.11940145434372E-04 -0.21681969061406E-03
 -0.32330630073237E-04  0.12170702582700E-04 -0.13244110961677E-02
 -0.10035899944234E-03  0.38730941766635E-04 -0.38443524304639E-03
 -0.29073417747303E-04  0.67651047922398E-05 -0.13228365652477E-02
 -0.10404539555302E-03  0.92779370440564E-04 -0.44379666008097E-03
 -0.19375059526729E-04  0.26550488305354E-06 -0.13203133310182E-02
 -0.52967898757684E-04  0.89700538757553E-04 -0.39245568288938E-03
 -0.73363123452018E-05 -0.28096085397523E-05 -0.13172755008621E-02
  0.14160427390819E-04  0.66987646412349E-04 -0.35756990384073E-03
 -0.11015827135713E-04 -0.16112222134964E-04 -0.13228662257298E-02
 -0.32413480060195E-04 -0.54994940456098E-05  0.13326581345499E-02
  0.33225793942876E-04  0.95552277096290E-05 -0.31669167166088E-03
  0.14638385145267E-04 -0.21185385343891E-04  0.13234706281695E-02
 -0.69533361795370E-05 -0.22195622682577E-05  0.13160945108249E-02
 -0.42656373341143E-04  0.21402806277123E-04  0.86468093183877E-04
  0.18868780475717E-04 -0.31604540729603E-04  0.13343093273076E-02
 -0.25666272086341E-04 -0.20845205439737E-05  0.13234706298574E-02
  0.70513470753603E-04  0.34453802968701E-04  0.22792554065870E-03
  0.14273488137942E-04 -0.71015581336836E-04  0.20741741065281E-03
  0.15099886108722E-04 -0.28266073511273E-04  0.13266652555057E-02
  0.11081343692997E-03 -0.13647641235799E-05  0.37587897488044E-03
 -0.66778922890045E-04  0.11940146024603E-04  0.21681969028954E-03
 -0.91649082331623E-04 -0.43206739521659E-04  0.39518957395245E-03
  0.99174637022822E-05 -0.16646541717680E-04  0.13203133312929E-02
 -0.32330628136294E-04 -0.12170703971935E-04  0.13244110950191E-02
  0.13237199147327E-03 -0.43716273577544E-04  0.44379666244418E-03
  0.24431227873512E-04 -0.37699895501607E-04  0.13267793246139E-02
  0.53988614376837E-05 -0.49119790852206E-05  0.13160945110361E-02
  0.55400987023708E-04  0.39884993688691E-04  0.14921765042251E-03
  0.83242676122940E-04 -0.57767065422760E-04  0.39518957707784E-03
  0.18351042887655E-04 -0.28169573634502E-04  0.13394542521121E-02
 -0.11015827150774E-04  0.16112220887222E-04  0.13228662244748E-02
  0.15945669885629E-04  0.39867100374398E-04  0.13276464778623E-02
 -0.51198994893853E-04  0.90721812016877E-04  0.39245569455877E-03
  0.33225794150866E-04 -0.95552306836909E-05  0.31669167913667E-03
  0.41007903373981E-04  0.17812741169453E-04  0.29703770249436E-03
  0.22153233356923E-04 -0.21486810903623E-05  0.13238694298105E-02
  0.16929191446822E-04  0.27209920445093E-04  0.13266652558026E-02
  0.43729931843614E-04  0.51862170249112E-04  0.21681968492521E-03
 -0.54224794249373E-04  0.96649634874439E-04  0.37587897585798E-03
  0.56251767956422E-05  0.34084496903775E-04  0.13244110967603E-02
  0.19520946580291E-04  0.13261155595787E-04  0.13320803406596E-02
 -0.66191952568865E-04  0.76743853184686E-04  0.32269081744045E-03
 -0.36462410917410E-05  0.29841540533510E-04  0.10086089629494E-03
  0.18143226457875E-04 -0.86277211965402E-05  0.13368831531704E-02
  0.23048992884626E-04 -0.63802319324784E-04  0.21681968733040E-03
  0.79247979549092E-05  0.52590537276214E-04  0.19955747507054E-03
  0.26705452981058E-04 -0.21913795702614E-04  0.13244110933958E-02
  0.73526363811335E-04 -0.61855446810631E-04  0.33399596932630E-03
 -0.10035899810525E-03 -0.38730941991331E-04  0.38443524533795E-03
  0.14967589718585E-04  0.10284954481980E-04  0.13242444166383E-02
  0.14135172132044E-04 -0.18451107440408E-04  0.13261664505243E-02
  0.20395463381298E-04 -0.21795764889834E-04  0.13228365642170E-02
  0.83721476702128E-04 -0.67547972426998E-04  0.38443524211093E-03
 -0.43166617369489E-12 -0.23349208855647E-12  0.13211200409563E-02
  0.20525390887798E-04 -0.40279304464858E-04  0.28567817149396E-03
  0.12736175415543E-04 -0.42973736432828E-05  0.13201163434238E-02
  0.11007515272354E-03 -0.91929379988550E-04  0.45754641298775E-03
 -0.24020413921700E-04 -0.18078509546761E-04  0.10086089756857E-03
 -0.84456819071197E-05 -0.17596095140971E-04  0.13228662251330E-02
  0.61030735405323E-05  0.73398826549835E-05  0.13193255161647E-02
  0.61834271653064E-04 -0.98032730972410E-04  0.43966096313632E-03
 -0.91427329768669E-04  0.71640615746929E-04  0.43667188119149E-03
  0.10107056227554E-04 -0.34441135878487E-05  0.13210917780270E-02
  0.61013572324824E-05  0.49486268578570E-05  0.13172755033538E-02
 -0.90331570961804E-04 -0.32747973725470E-04  0.33399596760081E-03
 -0.21452230065067E-13 -0.15768751747849E-12 -0.49250863777412E-05
 -0.29073416655832E-04 -0.67651049343552E-05  0.13228365643455E-02
  0.47945908833206E-04 -0.30620011456391E-04  0.26428160770211E-03
 -0.67556660561064E-04  0.20460637888956E-04  0.41606713987026E-03
 -0.81118477332985E-04  0.12214602139860E-03  0.44796261284288E-03
 -0.50776658351612E-05 -0.44420256398878E-04  0.29703770395049E-03
  0.54364553733995E-04  0.47868994614175E-04  0.20741740998233E-03
  0.18857139360530E-04 -0.58996002671696E-05  0.13293312999234E-02
 -0.52918857639390E-04  0.88720735059343E-04  0.40457117862873E-03
  0.19489916129371E-04 -0.33213559256188E-04  0.13271276797913E-02
  0.20433453124362E-04  0.40008011311618E-04  0.13267793247936E-02
  0.20969442113915E-04 -0.25321148542553E-04  0.13326581354870E-02
 -0.10089720773894E-04 -0.88811637189938E-05  0.13201163438633E-02
  0.24620207131062E-04  0.37915163360334E-04  0.28567817024166E-03
 -0.13465076184817E-03 -0.49363185673824E-04  0.45754641556643E-03
  0.39863557343971E-04  0.26240097407599E-04  0.86468087600714E-04
  0.25142351260765E-04 -0.39172596168824E-04  0.13328378758310E-02
  0.50281315339909E-04 -0.34974780113761E-05  0.22649299980727E-03
  0.11027891553791E-04  0.23269905655619E-04  0.13234706280816E-02
  0.26553088318684E-04 -0.33742907229080E-04  0.13276464789889E-02
  0.10416690186971E-03 -0.10212792643067E-05  0.39245568859969E-03
  0.85641902417529E-06 -0.19250719952915E-05  0.13137911533911E-02
  0.12349561194781E-05 -0.77582362252523E-05  0.13172755022021E-02
 -0.19920743144509E-04  0.62089377238291E-05  0.13120715809203E-04
  0.19461506751457E-04  0.14838729702476E-05  0.13228662226254E-02
  0.47846869755965E-05 -0.21869289172647E-04  0.13241920388739E-02
 -0.11060451943695E-04 -0.20053164012508E-05  0.13431689759647E-02
  0.45832753048574E-05 -0.20356336574432E-04  0.13120712996267E-04
  0.24575607384051E-04  0.14129257289262E-03  0.45754641778749E-03
  0.27666655354297E-04 -0.11763032818451E-04  0.10086089649269E-03
 -0.16543437410738E-04 -0.11398633607160E-04  0.13368831543434E-02
 -0.26464539931204E-05  0.13178535458452E-04  0.13201163409983E-02
  0.41582344842293E-04 -0.33158346244644E-04  0.19955747700835E-03
 -0.11581597425111E-03 -0.45336908999011E-05  0.43966095944719E-03
 -0.14537774416731E-04 -0.13380957971195E-04  0.13293312994053E-02
  0.10329384430131E-03  0.14687061657174E-05  0.40457118049353E-03
  0.83607556949061E-05  0.10802881705751E-03  0.41174533278954E-03
  0.25447508119867E-05  0.56832381094027E-04  0.26428160831528E-03
  0.94575943564620E-05  0.16912048856914E-04  0.13203133335975E-02
 -0.80362159782008E-05 -0.70309117653653E-05  0.13210917779980E-02
  0.37935710733764E-05  0.10581289905937E-04  0.13431689756329E-02
 -0.97736073099334E-04 -0.46773786013159E-04  0.41174533143528E-03
  0.27928123657242E-05 -0.47642902625073E-04  0.86468092167359E-04
 -0.23046713728822E-04 -0.30158673841181E-05  0.13261664510108E-02
 -0.83378282943492E-05  0.33551996118819E-04  0.31669167600304E-03
  0.51497760131826E-04  0.48275465438332E-04  0.41606713946015E-03
  0.12389519632622E-05  0.17042137047413E-05  0.13137911525421E-02
 -0.26718577030158E-04 -0.71101677564419E-04  0.23143909677644E-03
 -0.94080579745839E-05  0.16154767526124E-05  0.13193255185467E-02
  0.53981694439194E-04  0.10256642211800E-03  0.43966096448567E-03
  0.98222746275937E-05 -0.30506855269151E-04  0.13244829637119E-02
  0.84064071736371E-05  0.10097380258310E-03  0.39518958130353E-03
  0.21353288294248E-04  0.41360214022579E-04  0.13328378750038E-02
 -0.22111752320822E-04  0.45293633898003E-04  0.22649300143232E-03
  0.15544697817448E-05  0.71315449745732E-05  0.13160945102952E-02
  0.15220044112683E-04  0.29977256820026E-04  0.13394542548371E-02
 -0.62241910605537E-04  0.28036166559760E-04  0.14921765074262E-03
 -0.28326594803897E-04  0.13649564178926E-03  0.44379665877547E-03
  0.33049886957080E-05 -0.89553518715109E-05  0.13193255202796E-02
 -0.21331704227288E-04  0.67909845555703E-05  0.13241920397514E-02
 -0.48216568379092E-04  0.58689804559722E-04  0.23143909832974E-03
  0.74935146865880E-04  0.12411874469175E-04  0.23143909640650E-03
  0.15337468109217E-04  0.14147401158283E-04  0.13120715595322E-04
  0.10775625523948E-03  0.43358082222520E-04  0.43667188342580E-03
  0.41125653694999E-05 -0.19115191710494E-04  0.13394149575810E-02
  0.41170803898277E-04  0.18682362366290E-04  0.10554548749239E-03
 -0.31330850169394E-04  0.67470897544656E-05  0.13244829631217E-02
  0.89375323402884E-04 -0.61255034190998E-04  0.41174532850071E-03
  0.17240220452762E-05 -0.23536212746686E-04  0.13320803412062E-02
  0.16547017863160E-04  0.15078303895032E-04  0.13241920381065E-02
  0.99558097578781E-04  0.18951982133634E-04  0.32269081616804E-03
 -0.68638042880206E-04  0.23146588771342E-04  0.20741741171767E-03
 -0.44864681317317E-04 -0.23081154428313E-05  0.13267793254910E-02
  0.14232375027269E-05 -0.18104788980878E-04  0.13242444163932E-02
  0.14634078935346E-03  0.91776561741510E-05  0.44796261223028E-03
  0.19018828288885E-04  0.33485540607774E-04  0.13271276825934E-02
  0.72668818909363E-05 -0.85759742889015E-05  0.13431689778139E-02
  0.97478407401627E-06 -0.15503725736053E-05  0.13155425312003E-02
 -0.12937430273866E-04 -0.18110925141741E-04  0.13238694303205E-02
 -0.36764800069197E-04  0.26313784732768E-04  0.10554548997267E-03
  0.14497958772170E-04  0.13119184380356E-04  0.13394149556094E-02
  0.16805204855151E-04  0.94603420106806E-04  0.33399596928878E-03
  0.16637520901486E-04  0.10627891167778E-03  0.38443524248523E-03
 -0.65094604344101E-04  0.43839555672735E-04  0.22792554038458E-03
 -0.18300538642045E-05 -0.69000910194852E-07  0.13155425271468E-02
  0.50932788820430E-04  0.45757110552560E-04  0.35756987510892E-03
  0.21508573385776E-04  0.23759768234943E-04  0.13244829646646E-02
 -0.65093215273046E-04  0.21230539906517E-04  0.35756987110142E-03
 -0.92158029556156E-05  0.20259605514282E-04  0.13238694302253E-02
  0.86779551191422E-05  0.28560868452753E-04  0.13228365645253E-02
  0.17935945526086E-04  0.32143116100099E-04  0.13343093265455E-02
 -0.11016754754339E-04 -0.14871159680219E-04  0.14716078327265E-02
  0.22669396914792E-04  0.11985925332703E-04 -0.14295627824640E-02
  0.10870167295832E-04  0.52642163269125E-05 -0.12290154752834E-02
 -0.54560622569259E-05  0.44244364457143E-04 -0.14007304494744E-02
  0.73530655442013E-04 -0.26115425666009E-04 -0.14307470965562E-02
 -0.73704280957861E-05  0.16976368045025E-04  0.14716078307924E-02
 -0.24388718329097E-04  0.65560659485708E-04 -0.13865540651469E-02
  0.68971556669782E-04 -0.11659078415069E-04 -0.13865540682443E-02
 -0.13325539954524E-04 -0.85444452806406E-04  0.14283522531574E-02
  0.22810453117548E-04  0.43996529025429E-05 -0.12671321049994E-02
 -0.14221373775620E-04 -0.56421857263156E-04  0.14467961724574E-02
  0.55973446207019E-04 -0.15894860101993E-04 -0.14467961725892E-02
  0.36231455449703E-04  0.52650568519890E-05  0.13302231049107E-02
  0.22810453549501E-04 -0.43996505269460E-05  0.12671321019398E-02
  0.40816315065154E-04  0.34009532198928E-04  0.14486876710087E-02
  0.41044774450406E-04  0.17397093410599E-04  0.14007304509495E-02
 -0.32561391869689E-04 -0.20626575204290E-04 -0.14545254211092E-02
  0.80659838578348E-04  0.31181973496616E-04  0.14283522513316E-02
 -0.21714816608266E-04  0.13639318127201E-04 -0.14295627847386E-02
  0.47393952302844E-04  0.15524727079335E-04  0.14000304221937E-02
 -0.10252171340367E-04  0.48806729830651E-04 -0.14000304212481E-02
 -0.67334299137290E-04 -0.54262479227245E-04 -0.14283522535751E-02
  0.13142361291275E-04 -0.96822561954418E-05  0.13585668516205E-02
 -0.59381947387077E-04 -0.50621704065785E-04 -0.14307470981010E-02
 -0.13556049108839E-04 -0.34009888531964E-04  0.13302231061659E-02
 -0.35588710693516E-04 -0.26847271793467E-04 -0.14007304516128E-02
 -0.14956260599146E-04  0.65404932880540E-05 -0.13585668526483E-02
  0.28118190068797E-04  0.19118649830282E-04  0.13311488296707E-02
  0.24981425063812E-05  0.33910392647692E-04 -0.13311488353284E-02
  0.51370243240045E-07 -0.20530849468370E-05  0.12836442900199E-02
 -0.44582833832747E-04 -0.53901581215970E-04 -0.13865540679386E-02
 -0.22675403930676E-04 -0.28744830675356E-04 -0.13302231057977E-02
 -0.15215436643234E-04 -0.17554604474719E-04  0.12671321024174E-02
 -0.18037135988609E-05 -0.98204585098204E-06 -0.12836442930564E-02
 -0.48766182321694E-05  0.13413856275326E-05  0.12288519907405E-02
 -0.75950155168239E-05 -0.21954257789080E-04 -0.12671321017329E-02
  0.35999815354331E-05 -0.35525814634497E-05 -0.12288519901125E-02
 -0.41752074774868E-04 -0.40526997180667E-04 -0.14467961703568E-02
 -0.24388720415091E-04 -0.65560657049542E-04  0.13865540659926E-02
 -0.37141783642315E-04 -0.33282002026442E-04 -0.14000304196253E-02
 -0.54560630491004E-05 -0.44244364697750E-04  0.14007304513593E-02
  0.41044775137755E-04 -0.17397090377458E-04 -0.14007304497754E-02
  0.34143834133138E-04 -0.17885703912479E-04 -0.14545254200990E-02
  0.34143834066005E-04  0.17885702295764E-04  0.14545254219714E-02
  0.18387179758724E-04  0.21052070643078E-05 -0.14716078327934E-02
  0.18387180309868E-04 -0.21052081702713E-05  0.14716078334473E-02
 -0.15824429639509E-05  0.38512279699599E-04 -0.14545254194845E-02
 -0.14148706374584E-04  0.76737128952281E-04 -0.14307470969901E-02
 -0.15824424224653E-05 -0.38512279059853E-04  0.14545254183624E-02
  0.12766330854634E-05  0.48939674717164E-05 -0.12288519901409E-02
 -0.14148709017047E-04 -0.76737127063670E-04  0.14307470999918E-02
  0.36231454471174E-04 -0.52650609855475E-05 -0.13302231045071E-02
  0.17523406297398E-05 -0.10710347759819E-05 -0.12836442891597E-02
  0.68971558796772E-04  0.11659079949358E-04  0.13865540656825E-02
 -0.95458585320426E-06 -0.25625238219603E-04 -0.14295627843620E-02
  0.73530657051129E-04  0.26115429431464E-04  0.14307470958117E-02
  0.50871551939323E-04  0.36199779803659E-05 -0.13308516041955E-02
 -0.11016753541475E-04  0.14871160820917E-04 -0.14716078347539E-02
  0.55973446983166E-04  0.15894860433955E-04  0.14467961700224E-02
 -0.14221372746452E-04  0.56421858844189E-04 -0.14467961727793E-02
  0.22669403864646E-04 -0.11985923935994E-04  0.14295627864774E-02
 -0.13325538241173E-04  0.85444456272771E-04 -0.14283522536136E-02
 -0.30616329603233E-04 -0.14791740533960E-04 -0.13311488332489E-02
  0.18138970676259E-05 -0.16222746146192E-04 -0.13585668524062E-02
 -0.73704267764265E-05 -0.16976365992525E-04 -0.14716078320211E-02
 -0.18645410905793E-04 -0.21467207789448E-05  0.12662815172856E-02
  0.27278459359857E-04  0.14336706508574E-04 -0.12844784828159E-02
  0.90725141232832E-11  0.25274378325856E-11 -0.12080382942055E-02
 -0.44969870861649E-04 -0.27078138517467E-04  0.14261326713378E-02
 -0.99940254435263E-05  0.67817325519229E-05 -0.12290154742837E-02
 -0.49861277309529E-04  0.18343202250137E-04  0.14486876711234E-02
 -0.18645420958335E-04  0.21467232774033E-05 -0.12662815174012E-02
 -0.26055189106102E-04  0.16455487121973E-04 -0.12844784778050E-02
 -0.49574251589422E-04  0.54127743995870E-04  0.14407065256116E-02
 -0.43691793950249E-04 -0.36604014487560E-05 -0.13317051322952E-02
 -0.33922495741759E-04  0.61124989500026E-04  0.13971650457236E-02
 -0.58928273120551E-04 -0.31833725524770E-04 -0.13885665872965E-02
 -0.28570764147075E-04  0.42246067823490E-04 -0.13308516064474E-02
 -0.22300788599082E-04  0.45866045262592E-04  0.13308516039456E-02
 -0.44057197296998E-04  0.25594060597043E-04 -0.13595240966408E-02
 -0.75950159236272E-05  0.21954255662076E-04  0.12671321048416E-02
 -0.58907975556893E-04 -0.99395441959700E-05 -0.14015113094224E-02
 -0.70023134276422E-04 -0.46828321316767E-04 -0.14305413851112E-02
  0.35999842107202E-05  0.35525766505305E-05  0.12288519915927E-02
 -0.67636098505204E-04 -0.63555621473819E-04 -0.14248219368221E-02
 -0.28570763076028E-04 -0.42246071453063E-04  0.13308516062614E-02
 -0.35974550377050E-04  0.59940239696536E-04 -0.13971650482874E-02
 -0.44969873023433E-04  0.27078139455946E-04 -0.14261326701961E-02
 -0.44057201476726E-04 -0.25594059540415E-04  0.13595240961129E-02
 -0.49861275025333E-04 -0.18343201741453E-04 -0.14486876728846E-02
 -0.58907972802601E-04  0.99395456033523E-05  0.14015113117484E-02
 -0.49574251570227E-04 -0.54127745407656E-04 -0.14407065230900E-02
  0.10870161171445E-04 -0.52642142131641E-05  0.12290154783567E-02
 -0.33922498791981E-04 -0.61124993116014E-04 -0.13971650439767E-02
 -0.35974544730677E-04 -0.59940241567122E-04  0.13971650453033E-02
 -0.87613746777082E-06  0.12045940899444E-04  0.12290154773941E-02
  0.38061887091042E-04  0.46046029639193E-04  0.14015113117136E-02
  0.27638202340706E-04 -0.27924100843977E-05  0.14602899100249E-02
  0.25015895543818E-04  0.36008003262837E-04  0.13317051336001E-02
  0.90449602897654E-05 -0.52352733507089E-04  0.14486876719258E-02
 -0.55429484118371E-05 -0.84055974347340E-04  0.14305413844408E-02
  0.74635953550756E-05  0.17220762658552E-04  0.12662815167927E-02
  0.57032953032058E-04  0.35116520191197E-04  0.13885665858528E-02
 -0.21222732505833E-04 -0.90352390069520E-04  0.14248219364049E-02
  0.75566083599875E-04  0.37227650261760E-04  0.14305413848127E-02
  0.71663130079976E-04  0.15868688361347E-04  0.14407065266166E-02
 -0.22088880727785E-04 -0.69996434402083E-04  0.14407065249460E-02
  0.45935294263356E-04 -0.25405984244596E-04  0.14261326709926E-02
 -0.16237399898409E-04 -0.22539184310110E-04  0.14602899134453E-02
  0.20846086590597E-04 -0.55985574797365E-04  0.14015113120346E-02
  0.18953224031399E-05 -0.66950246363622E-04  0.13885665853950E-02
 -0.11400802828693E-04  0.25331594224052E-04  0.14602899102712E-02
  0.88858832181645E-04  0.26796769542680E-04  0.14248219359955E-02
 -0.96541862397786E-06  0.52484121799740E-04  0.14261326732817E-02
  0.69897043977336E-04 -0.11847549200485E-05  0.13971650459780E-02
  0.44193708452338E-04 -0.25357626787661E-04  0.13595240949046E-02
 -0.13650351334770E-06  0.50951682595023E-04  0.13595240986294E-02
  0.18675896424260E-04 -0.39668403506642E-04  0.13317051314613E-02
 -0.12232710691447E-05  0.30792197449981E-04  0.12844784804775E-02
  0.50871553684989E-04 -0.36199725743124E-05  0.13308516065954E-02
  0.27278461692552E-04 -0.14336712411942E-04  0.12844784852471E-02
  0.11181821356443E-04 -0.15074040378459E-04  0.12662815210156E-02
 -0.70023134334015E-04  0.46828323147064E-04  0.14305413846198E-02
 -0.22300785788424E-04 -0.45866044385114E-04 -0.13308516053102E-02
 -0.67636098039385E-04  0.63555623290303E-04  0.14248219354162E-02
  0.45935295067314E-04  0.25405980487619E-04 -0.14261326718725E-02
  0.71663130637995E-04 -0.15868687649115E-04 -0.14407065233013E-02
  0.75566083080323E-04 -0.37227651561745E-04 -0.14305413873705E-02
 -0.30616334614923E-04  0.14791741070456E-04  0.13311488332802E-02
  0.57032947167903E-04 -0.35116519035902E-04 -0.13885665837098E-02
  0.28118183880704E-04 -0.19118647555285E-04 -0.13311488299907E-02
 -0.37141785267659E-04  0.33282004771595E-04  0.14000304213791E-02
  0.51375562797685E-07  0.20530854911923E-05 -0.12836442925336E-02
 -0.41752078478711E-04  0.40526997653641E-04  0.14467961699725E-02
 -0.15215436592459E-04  0.17554613781887E-04 -0.12671321021448E-02
  0.18675901290346E-04  0.39668401198311E-04 -0.13317051299011E-02
 -0.32561391964215E-04  0.20626575289303E-04  0.14545254213273E-02
  0.44193702475559E-04  0.25357619634341E-04 -0.13595241003886E-02
 -0.21714816135091E-04 -0.13639316604967E-04  0.14295627870871E-02
  0.69897041780410E-04  0.11847475769910E-05 -0.13971650472833E-02
  0.88858833726751E-04 -0.26796767295640E-04 -0.14248219359833E-02
 -0.10252172480823E-04 -0.48806734238701E-04  0.14000304213160E-02
  0.80659838468085E-04 -0.31181975143856E-04 -0.14283522523183E-02
  0.12766324515492E-05 -0.48939653267845E-05  0.12288519869024E-02
  0.47393953614358E-04 -0.15524728356004E-04 -0.14000304211439E-02
  0.13142366420904E-04  0.96822528367718E-05 -0.13585668536427E-02
  0.17523415760097E-05  0.10710267363783E-05  0.12836442906918E-02
 -0.13556054755446E-04  0.34009887810826E-04 -0.13302231050119E-02
  0.18138964315659E-05  0.16222744252980E-04  0.13585668510861E-02
  0.11181827235873E-04  0.15074047821586E-04 -0.12662815128599E-02
 -0.99940245425729E-05 -0.67817272911719E-05  0.12290154789034E-02
  0.20846087110100E-04  0.55985575958997E-04 -0.14015113121312E-02
  0.24981400796557E-05 -0.33910395311497E-04  0.13311488345409E-02
  0.18953233043914E-05  0.66950247408511E-04 -0.13885665857102E-02
 -0.21222733038157E-04  0.90352390850166E-04 -0.14248219363301E-02
 -0.22088877617201E-04  0.69996436712706E-04 -0.14407065228085E-02
 -0.44582837546030E-04  0.53901577878747E-04  0.13865540660644E-02
 -0.16237401756216E-04  0.22539184744942E-04 -0.14602899117811E-02
 -0.22675400535573E-04  0.28744830711283E-04  0.13302231041896E-02
 -0.11400805632213E-04 -0.25331593159456E-04 -0.14602899110418E-02
 -0.96542314676093E-06 -0.52484118290578E-04 -0.14261326707481E-02
 -0.18037092749661E-05  0.98205319684645E-06  0.12836442938635E-02
 -0.13650585772211E-06 -0.50951683476619E-04 -0.13595240947497E-02
 -0.26055194235158E-04 -0.16455488013662E-04  0.12844784809555E-02
 -0.12232675519640E-05 -0.30792197857478E-04 -0.12844784808895E-02
 -0.87614136812582E-06 -0.12045944799156E-04 -0.12290154785941E-02
 -0.95458191040495E-06  0.25625238009407E-04  0.14295627864373E-02
 -0.43691791331084E-04  0.36604020592182E-05  0.13317051331627E-02
 -0.58928269563750E-04  0.31833724523763E-04  0.13885665878726E-02
  0.90449597887066E-05  0.52352732511512E-04 -0.14486876723654E-02
  0.27638204669937E-04  0.27924094164302E-05 -0.14602899124626E-02
 -0.67334301472131E-04  0.54262481833780E-04  0.14283522515134E-02
  0.40816314226041E-04 -0.34009532547262E-04 -0.14486876711641E-02
 -0.59381948786325E-04  0.50621702888879E-04  0.14307470991789E-02
  0.38061885002818E-04 -0.46046029868067E-04 -0.14015113113560E-02
  0.25015901925318E-04 -0.36008000308946E-04 -0.13317051356422E-02
 -0.35588711287124E-04  0.26847273553702E-04  0.14007304521737E-02
  0.74635898249116E-05 -0.17220762220581E-04 -0.12662815165040E-02
 -0.14956259065913E-04 -0.65404945437224E-05  0.13585668534325E-02
 -0.48766178996429E-05 -0.13413909696960E-05 -0.12288519906846E-02
 -0.55429474981471E-05  0.84055969542122E-04 -0.14305413853480E-02
  0.66567236317020E-11  0.45931001144594E-11  0.12080382889094E-02
