 -0.22225486427719E-05  0.48881258866068E-06  0.13233747327458E-02
  0.55736116365825E-04 -0.55026639021868E-04 -0.44219089486936E-03
  0.62299512373480E-05  0.64158646791795E-06 -0.13159228338929E-02
  0.11038406384403E-03 -0.26461418108182E-07 -0.34059050605401E-03
 -0.99580128066840E-05 -0.17042602131883E-05 -0.13145966788501E-02
 -0.83773022388427E-04 -0.44189718387345E-05 -0.27686235059874E-03
 -0.65693210406543E-05  0.34508082147265E-05 -0.13184527809672E-02
  0.53956648036587E-04 -0.59161275597119E-04 -0.27856087218646E-03
  0.79397876130063E-05  0.87586465307851E-05 -0.13192421446532E-02
 -0.21338613604127E-05  0.27003178856843E-05 -0.13251178298987E-02
 -0.81786605000649E-04  0.11101350699641E-04 -0.36043784394759E-03
  0.38834288923926E-05 -0.60001709186091E-04 -0.43075272540131E-03
  0.60256716861914E-05  0.11569898743452E-05 -0.13178435967599E-02
  0.13328775509466E-03 -0.11406056843188E-04 -0.41867924974004E-03
 -0.48757973822022E-05 -0.63906264250497E-06 -0.13127793783078E-02
 -0.61152712419532E-04 -0.14471748475726E-05 -0.25309156817703E-03
 -0.10206577275754E-04  0.15149220057380E-05 -0.13181801762339E-02
  0.62248246034236E-04 -0.46426467181304E-04 -0.29150842361186E-03
  0.64152493566611E-05  0.80816943477945E-05 -0.13181801762757E-02
 -0.22127029990029E-05  0.14043594196800E-05 -0.13251766985776E-02
 -0.10593702094028E-03 -0.53829284673309E-04 -0.45603115698492E-03
  0.43993552091067E-05 -0.34031208900628E-05 -0.13210517068144E-02
  0.90823769218179E-05  0.77121796700711E-04 -0.29150842368803E-03
  0.30787458852874E-05 -0.26671832516880E-05 -0.13220263542693E-02
  0.12141723041334E-03 -0.98483926531745E-05 -0.46903474925895E-03
  0.29913432711476E-05 -0.39030333356979E-05 -0.13127793779227E-02
  0.31829646606226E-04 -0.52236215131722E-04 -0.25309156778743E-03
 -0.11689554215942E-04  0.86449576030525E-06 -0.13180505022108E-02
 -0.28768296076985E-04 -0.61400580584061E-04 -0.35071976772682E-03
 -0.12065554452206E-07  0.81556703908624E-05 -0.13179705125047E-02
 -0.20561493332444E-05 -0.82487423954474E-04 -0.29441310790474E-03
  0.35988932431257E-05  0.80909382224987E-05 -0.13184314379879E-02
 -0.50970697876958E-04  0.10223272564684E-03 -0.41712971579639E-03
 -0.43801610971226E-05 -0.58124982543892E-05 -0.13208271378940E-02
  0.55314685627267E-04  0.11085642590093E-03 -0.44691966938454E-03
 -0.45874753185186E-05  0.64650927622512E-05 -0.13191138679173E-02
  0.36890836874397E-04 -0.97347446674892E-04 -0.33779632069350E-03
  0.65934521226943E-05  0.96912028227512E-05 -0.13180505022201E-02
 -0.38790314979089E-04  0.55614365204755E-04 -0.35071976723713E-03
 -0.51468671024263E-05 -0.21083932181147E-05 -0.13210517067210E-02
  0.63509827197555E-05  0.11865879351931E-03 -0.45603115702265E-03
  0.37913278089368E-05 -0.95966157487933E-05 -0.13181801760115E-02
 -0.71330623325946E-04 -0.30695328821045E-04 -0.29150842344804E-03
 -0.75522525830924E-04 -0.20755572603244E-04 -0.44219089444986E-03
  0.77047523568908E-06  0.39998636021263E-05 -0.13220263544454E-02
  0.10225085548493E-05 -0.10744578004984E-04 -0.13206916575660E-02
  0.68592115840757E-05  0.61019797830914E-05 -0.13218770251512E-02
 -0.10470488551527E-03  0.49934060809324E-04 -0.46394506149656E-03
 -0.14089415071611E-06 -0.66061944933006E-05 -0.13237070581435E-02
  0.67760029606721E-04  0.74877930234375E-04 -0.45871301190732E-03
  0.60784749041222E-05 -0.10869292432714E-04 -0.13162980971398E-02
  0.35560059363254E-04 -0.36017076269516E-04 -0.28541624237343E-03
 -0.55581023655092E-05 -0.27087546344322E-05 -0.13192183857620E-02
 -0.80471427764653E-04 -0.11242023254056E-03 -0.45662264330124E-03
 -0.28495555958470E-04 -0.19209776729065E-04 -0.22479151056741E-03
 -0.29854681562804E-05  0.64560444603743E-06 -0.13175916085047E-02
  0.87938232056864E-05  0.62578073257261E-05 -0.13206916577341E-02
 -0.11673619241022E-03  0.22622570896330E-04 -0.43213849818250E-03
 -0.12716132162953E-05 -0.31981373160811E-05 -0.13251178300701E-02
  0.19786409496459E-04  0.75782211515577E-04 -0.44219089303426E-03
  0.50961017665127E-05 -0.10555698581265E-04 -0.13180505021974E-02
  0.67558610306098E-04  0.57862151249024E-05 -0.35071976729648E-03
 -0.20108532805718E-05 -0.57968794318345E-05 -0.13178435967531E-02
 -0.76521812038469E-04 -0.10972755347304E-03 -0.41867924914862E-03
  0.30883932240502E-04 -0.15072987009607E-04 -0.22479151066469E-03
  0.20518439497045E-05  0.22626887996637E-05 -0.13175916082062E-02
 -0.30939762044964E-05  0.16551969477065E-04 -0.27552183920564E-03
 -0.11814215145451E-04 -0.33585667147562E-06 -0.13165037719353E-02
  0.77959816633034E-04  0.89785222399435E-04 -0.43213849837365E-03
  0.59676507593524E-05 -0.80696945284362E-05 -0.13176891142223E-02
 -0.44727586542551E-04 -0.50211479859381E-04 -0.33283990055651E-03
 -0.54940829953595E-05  0.80655702536223E-06 -0.13231332068704E-02
 -0.21440498638599E-04 -0.98368353913857E-04 -0.45881825041293E-03
  0.38591633918586E-05  0.61572424459660E-05 -0.13188347231323E-02
  0.10924528152168E-03 -0.26583291037611E-04 -0.41379961885832E-03
 -0.18212381766483E-05  0.34394727806623E-05 -0.13131842906037E-02
 -0.33327183112429E-04  0.54185295782985E-04 -0.26424611231447E-03
 -0.13474474028449E-05 -0.86961187330127E-05 -0.13219133210031E-02
  0.75922909559826E-04  0.10240194211532E-03 -0.46465841876901E-03
  0.61979683335090E-05 -0.10063482103307E-04 -0.13165037721228E-02
 -0.12787438122387E-04 -0.10955447435990E-04 -0.27552183990621E-03
 -0.38492213805276E-05 -0.13326802940957E-05 -0.13220263546200E-02
 -0.69237573580867E-04 -0.10022620985025E-03 -0.46903474932687E-03
  0.74751159607392E-06  0.55115136709120E-05 -0.13210517069789E-02
  0.99586038154882E-04 -0.64829509015890E-04 -0.45603115691141E-03
  0.18844543288286E-05  0.45420959482344E-05 -0.13127793780577E-02
  0.29323065818738E-04  0.53683390460512E-04 -0.25309156704998E-03
 -0.52179657470615E-04  0.11007460218828E-03 -0.46903474904119E-03
  0.34054744965145E-05  0.49781942421077E-06 -0.13251178299145E-02
 -0.70408129879180E-04  0.43024389873582E-04 -0.29441310762847E-03
  0.70690505765993E-05 -0.40673859501940E-05 -0.13179705123444E-02
 -0.10275078031176E-03 -0.16725321556315E-04  0.33779632108792E-03
  0.78926724943791E-05 -0.74032423878247E-06  0.13191138678714E-02
  0.72464279218799E-04 -0.39463034163144E-04  0.29441310792659E-03
 -0.70569853126596E-05  0.40882846338988E-05  0.13179705120405E-02
 -0.55169115221801E-04 -0.95608634587179E-04  0.34059050675231E-03
 -0.36706056612778E-05 -0.50745028209026E-05  0.13159228340682E-02
  0.65848210497424E-04  0.13629486781580E-04  0.33283990104022E-03
  0.40047349373283E-05 -0.92029839813366E-05  0.13176891139634E-02
  0.23225624153254E-05 -0.12140773728029E-05  0.13251766983939E-02
  0.91082775407957E-05  0.11564412074501E-03  0.46394506174162E-03
 -0.81214432373995E-05 -0.94493646032569E-04  0.33835264403399E-03
  0.33941374596268E-05 -0.96697748850282E-05  0.13164242902427E-02
  0.39421537202939E-04  0.99990335006011E-04  0.37823442924415E-03
 -0.18148205534319E-05 -0.77783463280885E-05  0.13191523855768E-02
 -0.63050789075537E-04  0.95258282367239E-04  0.41712971602119E-03
 -0.88064045378783E-05  0.92873594338338E-06  0.13184314380767E-02
  0.45713452945475E-04  0.70340079611511E-04  0.27686235121885E-03
  0.64549394929649E-05  0.77717620628741E-05  0.13145966790479E-02
 -0.87140754581936E-05 -0.28892616194539E-05  0.13218770250659E-02
 -0.53904719196467E-04 -0.26637706344884E-04  0.43075272592109E-03
 -0.29854682883783E-05 -0.64560432993062E-06  0.13175916083456E-02
  0.30883932865844E-04  0.15072987190215E-04  0.22479151004912E-03
  0.74751185914796E-06 -0.55115137170502E-05  0.13210517069736E-02
 -0.69237573283292E-04  0.10022620983703E-03  0.46903475053528E-03
 -0.38492213542840E-05  0.13326801178388E-05  0.13220263539653E-02
 -0.12787438453511E-04  0.10955447079991E-04  0.27552183961336E-03
  0.61979679718929E-05  0.10063482103576E-04  0.13165037717136E-02
  0.75922909804562E-04 -0.10240194218284E-03  0.46465841938307E-03
 -0.13474476130922E-05  0.86961189018715E-05  0.13219133205133E-02
  0.60600240927213E-04 -0.37871990682844E-04  0.28358306264433E-03
  0.54761186054487E-05 -0.98703559181992E-05  0.13160202193894E-02
  0.50721228000406E-04  0.11695214037261E-03  0.46465841884936E-03
 -0.68573362117207E-05 -0.55149829069958E-05  0.13219133209060E-02
 -0.76521812198580E-04  0.10972755319651E-03  0.41867924961426E-03
 -0.20108533587745E-05  0.57968795526167E-05  0.13178435966351E-02
  0.67558610985797E-04 -0.57862153444077E-05  0.35071976767562E-03
  0.50961017270538E-05  0.10555698662445E-04  0.13180505021333E-02
  0.19786409399387E-04 -0.75782212118752E-04  0.44219089298613E-03
 -0.12716128459076E-05  0.31981371572894E-05  0.13251178302913E-02
 -0.11673619211040E-03 -0.22622570500639E-04  0.43213849818649E-03
  0.87938235434351E-05 -0.62578077581871E-05  0.13206916575861E-02
  0.95909743404458E-04 -0.30616160140268E-04  0.45881825238482E-03
  0.20485426462752E-05  0.51612941651725E-05  0.13231332065855E-02
  0.27706400963476E-04  0.12912099968150E-04  0.41642282699761E-03
 -0.84585477883252E-06 -0.52047716287204E-06  0.13260384165925E-02
 -0.21120623064701E-04  0.63840966126950E-04 -0.33283990024750E-03
  0.93362417836504E-06 -0.29082935875734E-05 -0.13175916083329E-02
 -0.23883761780314E-05  0.34282763610508E-04 -0.22479151015951E-03
 -0.27818907690855E-07 -0.99277024301602E-06 -0.13260384169342E-02
 -0.26709933440605E-05  0.30450496932414E-04 -0.41642282571096E-03
  0.52075115428837E-05 -0.71622020881865E-05 -0.13184314378731E-02
  0.11402148705797E-03 -0.69744431911865E-05 -0.41712971591269E-03
 -0.25593452782039E-05 -0.57160891793194E-05 -0.13159228339669E-02
 -0.55214948137425E-04 -0.95582172926265E-04 -0.34059050606429E-03
 -0.98163318550250E-05  0.44867706530511E-05 -0.13206916574392E-02
  0.38776374849629E-04 -0.11240779287951E-03 -0.43213849840034E-03
  0.56162471151389E-05  0.10399339106288E-04 -0.13165037720929E-02
  0.15881414634921E-04 -0.55965227948120E-05 -0.27552183970931E-03
 -0.40148179452289E-05  0.46398898795020E-05 -0.13178435967035E-02
 -0.56765942042357E-04  0.12113361087776E-03 -0.41867924903561E-03
 -0.33051965045857E-05 -0.72054166535201E-05 -0.13191138676606E-02
  0.65859943949259E-04  0.80622124557520E-04 -0.33779632096537E-03
 -0.58288352667665E-05 -0.54608536121265E-05 -0.13191523855929E-02
  0.66883401206549E-04  0.84135220242019E-04 -0.37823442962852E-03
 -0.99723852940653E-05 -0.11332896165289E-05 -0.13176891142264E-02
 -0.68573360728027E-05  0.55149828743397E-05 -0.13219133205945E-02
  0.38059569478190E-04  0.74759051889834E-04 -0.27686235050787E-03
  0.68347138230757E-04 -0.10333213528906E-03 -0.44691966961200E-03
 -0.12366182368863E-03  0.75242904168841E-05  0.44691966921208E-03
  0.72238517771712E-05  0.88708218247143E-06  0.13208271377690E-02
  0.24256843223405E-04 -0.76308465666795E-04  0.27856087248244E-03
  0.29617333958352E-06  0.74146030591224E-05  0.13184527809844E-02
 -0.57123063191800E-04 -0.12590041628334E-03  0.45662264309241E-03
  0.43320159221651E-06 -0.61678356081108E-05  0.13192183856788E-02
 -0.27731418489237E-04  0.49094773203300E-04  0.26744991501463E-03
  0.41272508027621E-05 -0.93961606494396E-05  0.13168715086651E-02
  0.31279251095619E-04  0.76379953058202E-04  0.36043784354304E-03
 -0.11555105003969E-04 -0.24967343470569E-05  0.13192421441566E-02
  0.10131835222942E-03  0.45796694126534E-04  0.46372849511527E-03
  0.68795029056395E-06 -0.21691900932626E-05  0.13233747324998E-02
 -0.10998075459041E-04 -0.11064261376981E-03  0.46372849426806E-03
 -0.22225487309535E-05 -0.48881310265476E-06 -0.13233747324173E-02
 -0.10200939391369E-04 -0.11237758275942E-05 -0.13168715086367E-02
  0.56383030580583E-04  0.53127434822946E-06 -0.26744991499294E-03
  0.62731484795099E-05  0.39637953340654E-05 -0.13184527808577E-02
 -0.78213490980577E-04 -0.17147190304909E-04 -0.27856087167226E-03
 -0.28436900644577E-05  0.66995804023272E-05 -0.13208271380303E-02
  0.35030734477593E-05  0.94760226226842E-05 -0.13145966787150E-02
  0.50721228157541E-04 -0.11695213955630E-03 -0.46465841946644E-03
  0.54761184882907E-05  0.98703557755305E-05 -0.13160202193597E-02
  0.60600240769647E-04  0.37871990193507E-04 -0.28358306238083E-03
  0.36153166013474E-05 -0.11255381073693E-04 -0.13192421445751E-02
  0.50507353953437E-04  0.65278602092705E-04 -0.36043784394128E-03
  0.34027462441268E-05 -0.64207545559250E-05 -0.13188347236072E-02
 -0.77644446180003E-04 -0.81317543504724E-04 -0.41379961803908E-03
 -0.56506849955820E-05  0.34251150918571E-05 -0.13237070582663E-02
  0.30966175012622E-04 -0.96120872219048E-04 -0.45871301187622E-03
  0.53631543838784E-05  0.61192434446409E-05 -0.13169510034088E-02
  0.10343619580389E-03  0.14001284133456E-04 -0.34631487271688E-03
 -0.63098226315321E-04  0.33545352767007E-04 -0.28358306260464E-03
 -0.71354491168471E-05  0.12737394819065E-05 -0.13145505612087E-02
 -0.72700360288163E-05 -0.84343260563447E-06 -0.13173943348585E-02
  0.69122314965743E-04 -0.94627329898313E-05 -0.24980484240012E-03
  0.83499870032649E-05  0.56406784092634E-05 -0.13195609466138E-02
 -0.10832840470460E-03 -0.30202864464004E-05 -0.36146702811264E-03
  0.40764197637013E-06  0.55304605882643E-06 -0.13246017236853E-02
 -0.30947411344536E-04  0.74229631859221E-04 -0.44299959263972E-03
  0.37016208795685E-05 -0.10008429517373E-04 -0.13199528289255E-02
  0.92674617519961E-04  0.42483943282631E-04 -0.42633344178112E-03
 -0.75279486772373E-04  0.46781592356291E-04 -0.28197219490097E-03
 -0.11286038353514E-04 -0.19272058439489E-06 -0.13160202190350E-02
  0.78153791159578E-04  0.41803151789037E-04 -0.28197219393564E-03
  0.46708156137024E-05  0.55426105269217E-05 -0.13145505611592E-02
 -0.75236499619672E-04  0.94464666065066E-04 -0.46308300876552E-03
  0.68795012600073E-06  0.21691900563113E-05 -0.13233747328268E-02
  0.10131835207315E-03 -0.45796694412560E-04 -0.46372849384151E-03
  0.38892899476113E-05 -0.14249786064856E-06 -0.13131842907535E-02
  0.63589434528040E-04  0.17695393924664E-05 -0.26424611197041E-03
 -0.12452320900126E-04  0.17053269511651E-06 -0.13162980969827E-02
 -0.48971732263267E-04 -0.12787376626391E-04 -0.28541624222379E-03
 -0.17055422291857E-05  0.51721711591483E-05 -0.13179133377538E-02
  0.64932253325690E-05 -0.63497807228616E-04 -0.25470525395168E-03
  0.68167437566914E-05  0.82099120925484E-05 -0.13199528287718E-02
 -0.83129483426472E-04  0.59016601283793E-04 -0.42633344178404E-03
 -0.27134145561236E-05 -0.51332920308366E-05 -0.13230380872927E-02
  0.39586109440279E-04  0.10717184545754E-03 -0.46534349086606E-03
  0.53393212370183E-05 -0.11028381105107E-04 -0.13174175628816E-02
  0.15930701806096E-04  0.29446579654233E-04 -0.28945417070956E-03
 -0.78509391058795E-06 -0.43935661044357E-05 -0.13203551730088E-02
 -0.90911966992940E-04 -0.97681792906078E-04 -0.46343250447599E-03
 -0.30888539712982E-05  0.49165320459923E-05 -0.13230380874854E-02
  0.73020486375292E-04 -0.87868499827677E-04 -0.46534349082165E-03
  0.26178432549164E-05 -0.77042496751429E-05 -0.13169510036692E-02
 -0.39592629541072E-04 -0.96579014619021E-04 -0.34631487254042E-03
  0.34455407615002E-05  0.43547369047862E-05 -0.13231332065375E-02
 -0.74469244464383E-04  0.67752193917459E-04 -0.45881825223930E-03
 -0.83128818690009E-04 -0.95365139377558E-04 -0.39356686925031E-03
 -0.62624755420906E-05  0.63698613569281E-05 -0.13202039797197E-02
  0.53750870939693E-04 -0.11673860226168E-03 -0.42103096893742E-03
  0.63738458347573E-05  0.10698759576006E-04 -0.13162980970936E-02
  0.13411673060184E-04  0.48804452459609E-04 -0.28541624244097E-03
 -0.72619104590868E-05  0.26351248512485E-06 -0.13188347232806E-02
 -0.31600835696169E-04  0.10790083438652E-03 -0.41379961891870E-03
  0.76436559219338E-05 -0.23174927951928E-05 -0.13191523856568E-02
 -0.10630493856895E-03  0.15855114277616E-04 -0.37823442945829E-03
  0.87367377392130E-06  0.47229315498983E-06 -0.13260384165797E-02
 -0.25035407113307E-04 -0.17538396586587E-04 -0.41642282665785E-03
  0.51249015698532E-05 -0.34590806494179E-05 -0.13192183857886E-02
  0.13759449108385E-03 -0.13480184012243E-04 -0.45662264308007E-03
 -0.20680512951903E-05 -0.32969747750284E-05 -0.13131842907279E-02
 -0.30262250946391E-04 -0.55954835360148E-04 -0.26424611213360E-03
  0.60736881649903E-05 -0.82723847104835E-05 -0.13168715087230E-02
 -0.28651611840340E-04  0.48563499241481E-04 -0.26744991520067E-03
  0.15345985308457E-05 -0.16803772254074E-05 -0.13233747327277E-02
 -0.90320276458894E-04 -0.64845919369583E-04 -0.46372849402391E-03
 -0.64336329539802E-05 -0.38206180067072E-05 -0.13170903575552E-02
  0.38653741315212E-05  0.67265171831888E-05 -0.13207800298488E-02
  0.85894619362291E-04 -0.40213446705369E-04 -0.33835264414386E-03
  0.50021290035928E-04  0.33364002590830E-04 -0.43075272605812E-03
  0.18548639867508E-05 -0.89912416452989E-05 -0.13218770250811E-02
  0.95596607714976E-04  0.65710060417434E-04 -0.46394506127236E-03
  0.58099194036022E-05 -0.96776350629410E-05 -0.13160202191561E-02
  0.24979850810538E-05 -0.71417343239333E-04 -0.28358306281780E-03
 -0.77580219102558E-05 -0.15746440019242E-07 -0.13207800296566E-02
 -0.44190550495719E-04 -0.11238905277907E-03 -0.46308300869276E-03
  0.68602223359446E-06  0.79722112867500E-05 -0.13191721031268E-02
  0.69120657745480E-04 -0.66733137203989E-04 -0.39842411731704E-03
  0.27176950023585E-06  0.78137838609732E-05 -0.13150118420057E-02
 -0.82740317912441E-05  0.94376436127691E-04 -0.30902138721213E-03
 -0.91115875310630E-05 -0.28074404690269E-05 -0.13178154077467E-02
  0.40818872407527E-04  0.47964814988690E-04 -0.31686769499806E-03
  0.53320024349503E-05 -0.11090427840402E-05 -0.13179133377801E-02
 -0.58237327008180E-04  0.26125605400267E-04 -0.25470525393123E-03
  0.57915793802485E-05  0.31810792230967E-05 -0.13237070581666E-02
 -0.98726204723376E-04  0.21242942105976E-04 -0.45871301223980E-03
  0.82047836365251E-05  0.31811356211315E-05 -0.13219133202762E-02
 -0.12664413835900E-03  0.14550197741169E-04 -0.46465841997634E-03
 -0.10985953052505E-06 -0.26184366284206E-05 -0.13251766984186E-02
  0.66772022528757E-05 -0.77742967169014E-05 -0.13164242904435E-02
  0.99586038432899E-04  0.64829508893482E-04  0.45603115745972E-03
 -0.42756125018718E-04 -0.55130314101379E-04 -0.24980484241409E-03
  0.17536134705071E-04 -0.28519683001604E-04 -0.28945417144200E-03
 -0.95451344694424E-05 -0.10150054462061E-03 -0.42633344161555E-03
  0.21244787531005E-05  0.92945865451519E-05 -0.13178154080910E-02
  0.21129312200256E-04 -0.59332588586573E-04 -0.31686769506232E-03
 -0.91935911787778E-07  0.74819981261661E-05 -0.13170903574048E-02
 -0.41024223892636E-04  0.11967423877950E-03 -0.39356686944840E-03
  0.20485424813421E-05 -0.51612938905161E-05 -0.13231332070748E-02
  0.95909742874608E-04  0.30616160657367E-04 -0.45881825044104E-03
  0.64549394216175E-05 -0.77717618842399E-05 -0.13145966789713E-02
 -0.10518364629279E-04  0.17985169577993E-05 -0.13199528288573E-02
  0.45713452530947E-04 -0.70340079731818E-04 -0.27686235137606E-03
 -0.63050788091748E-04 -0.95258282723765E-04 -0.41712971605142E-03
 -0.18148200972637E-05  0.77783470482010E-05 -0.13191523856379E-02
  0.39421537113321E-04 -0.99990334239931E-04 -0.37823442955914E-03
  0.33941373028737E-05  0.96697747426527E-05 -0.13164242905707E-02
 -0.81214434314185E-05  0.94493645967701E-04 -0.33835264417900E-03
 -0.72471486646693E-05 -0.33919932159761E-05 -0.13191721030403E-02
  0.23232263092193E-04  0.93226814273716E-04 -0.39842411748771E-03
  0.43654519008055E-05 -0.58743194978821E-05 -0.13173943348254E-02
 -0.88064046583938E-05 -0.92873635301921E-06 -0.13184314379618E-02
 -0.28743036722218E-05 -0.88584744131823E-04 -0.28197219412402E-03
  0.24646337812627E-05 -0.68163500065826E-05 -0.13145505611560E-02
  0.11942705023556E-03  0.17924386987015E-04 -0.46308300767171E-03
 -0.79809979866340E-05  0.15850057796104E-05 -0.13169510034199E-02
 -0.63843565700471E-04  0.82577729949890E-04 -0.34631487237062E-03
 -0.36264604191469E-05 -0.40631285460648E-05 -0.13179133376724E-02
  0.51744101350427E-04  0.37372201748091E-04 -0.25470525365504E-03
  0.86476996914776E-05  0.22385322006828E-05 -0.13202039796768E-02
 -0.12797403061332E-03  0.11819681325145E-04 -0.42103096874008E-03
 -0.87140752730750E-05  0.28892616764736E-05 -0.13218770252520E-02
  0.91082776773147E-05 -0.11564412078384E-03 -0.46394506155913E-03
  0.40047352285467E-05  0.92029844372833E-05 -0.13176891144935E-02
  0.65848211283270E-04 -0.13629486622228E-04 -0.33283990073677E-03
 -0.36706055488125E-05  0.50745026479888E-05 -0.13159228341745E-02
 -0.55169114720511E-04  0.95608634441449E-04 -0.34059050650972E-03
 -0.70569847850145E-05 -0.40882845795246E-05 -0.13179705123539E-02
  0.72464279441486E-04  0.39463033868249E-04 -0.29441310754824E-03
  0.78926722630979E-05  0.74032405614856E-06 -0.13191138678019E-02
 -0.10275077996295E-03  0.16725321565917E-04 -0.33779632079027E-03
  0.23225621654021E-05  0.12140769316708E-05 -0.13251766980808E-02
 -0.53904719006841E-04  0.26637706242600E-04 -0.43075272769774E-03
  0.38926476765550E-05 -0.67107708359060E-05 -0.13207800296450E-02
 -0.26366190267641E-04  0.64593047042288E-04 -0.24980484197520E-03
  0.58022686402563E-05  0.21675977297593E-06 -0.13230380874443E-02
 -0.11260659607700E-03 -0.19303346617314E-04 -0.46534349176461E-03
  0.27513097551818E-06 -0.62955131271280E-06 -0.13246017245035E-02
  0.65611266123270E-05 -0.45802181346243E-05 -0.13191721030062E-02
 -0.92352920643546E-04 -0.26493676943204E-04 -0.39842411760907E-03
 -0.11555104355089E-04  0.24967342842858E-05 -0.13192421447150E-02
  0.31279250755509E-04 -0.76379952781163E-04 -0.36043784395514E-03
  0.41272506932344E-05  0.93961605869501E-05 -0.13168715085820E-02
 -0.27731418548889E-04 -0.49094773716617E-04 -0.26744991510482E-03
  0.43320085034627E-06  0.61678352800300E-05 -0.13192183859699E-02
 -0.57123063503474E-04  0.12590041704527E-03 -0.45662264301137E-03
 -0.23852238424955E-05 -0.86083934433433E-05 -0.13202039797195E-02
  0.74223159726038E-04  0.10491892114142E-03 -0.42103096874312E-03
  0.69871085140364E-05 -0.64871458434321E-05 -0.13178154080389E-02
 -0.61948184713535E-04  0.11367772823657E-04 -0.31686769522790E-03
 -0.68277290034673E-06  0.76505388524148E-07 -0.13246017240562E-02
 -0.48811041328922E-04 -0.63916060412149E-04 -0.44299959139659E-03
  0.41974864475031E-05  0.15168714990890E-05 -0.13203551731111E-02
  0.13005089825303E-03 -0.29891176655509E-04 -0.46343250459043E-03
  0.10282558453338E-12 -0.16510235953348E-13 -0.13119522208548E-02
  0.35753316589587E-13 -0.76705082495492E-13 -0.23570836131916E-03
 -0.12220518908716E-04  0.89020236632808E-06 -0.13174175626790E-02
  0.51548557767727E-04  0.95325293786527E-04 -0.36146702841693E-03
  0.29045837787730E-05  0.67177518781207E-05 -0.13173943348225E-02
  0.70997727845597E-06 -0.10051640202333E-04 -0.13195609467612E-02
 -0.34123928090813E-05  0.28766944803402E-05 -0.13203551730963E-02
  0.79758452853376E-04 -0.10313571459748E-04 -0.44299958949717E-03
  0.66310506329695E-05 -0.41422514450439E-05 -0.13150118418747E-02
  0.85869406554366E-04 -0.40022696416786E-04 -0.30902138747770E-03
 -0.10071339412546E-04 -0.18954782633553E-05 -0.13164242902464E-02
 -0.77773175817209E-04 -0.54280199239100E-04 -0.33835264428824E-03
  0.29617332773330E-06 -0.74146031162373E-05 -0.13184527810252E-02
  0.24256843443275E-04  0.76308465597934E-04 -0.27856087204001E-03
  0.72238516897791E-05 -0.88708233808571E-06 -0.13208271378814E-02
 -0.12366182355709E-03 -0.75242905132842E-05 -0.44691966982865E-03
 -0.84585481159703E-06  0.52047678613852E-06 -0.13260384164686E-02
  0.27706400664645E-04 -0.12912100451879E-04 -0.41642282704389E-03
  0.65255686433349E-05 -0.36613804167382E-05 -0.13170903573300E-02
  0.12415304315024E-03 -0.24309099566619E-04 -0.39356686939923E-03
 -0.69028201013762E-05 -0.36715325684750E-05 -0.13150118420228E-02
 -0.77595374816102E-04 -0.54353740196688E-04 -0.30902138756064E-03
 -0.90599643339731E-05  0.44109618004677E-05 -0.13195609464987E-02
  0.56779846695950E-04 -0.92305006678526E-04 -0.36146702837751E-03
  0.68811977319167E-05  0.10138178700455E-04 -0.13174175624330E-02
 -0.33466837032059E-04 -0.92689692247031E-06 -0.28945417099633E-03
 -0.39138930896611E-04  0.12757296991679E-03 -0.46343250485613E-03
  0.18844543596429E-05 -0.45420957008683E-05  0.13127793777859E-02
 -0.10998075577672E-04  0.11064261370574E-03 -0.46372849434731E-03
  0.56162471383873E-05 -0.10399339628070E-04  0.13165037717637E-02
  0.12415304273585E-03  0.24309099261463E-04  0.39356686904266E-03
  0.65255684025800E-05  0.36613803886534E-05  0.13170903573250E-02
 -0.20680514278886E-05  0.32969749141794E-05  0.13131842907085E-02
 -0.30262250905138E-04  0.55954835323347E-04  0.26424611216888E-03
 -0.75236499451515E-04 -0.94464665806248E-04  0.46308300863942E-03
 -0.28436902707842E-05 -0.66995804499326E-05  0.13208271373806E-02
  0.68347138390300E-04  0.10333213505398E-03  0.44691966989187E-03
  0.38653742882304E-05 -0.67265172947419E-05  0.13207800297166E-02
  0.35030733182760E-05 -0.94760229675469E-05  0.13145966791906E-02
  0.38059569542707E-04 -0.74759050942204E-04  0.27686235108644E-03
 -0.42756124476631E-04  0.55130314236730E-04  0.24980484279986E-03
 -0.99723856830520E-05  0.11332895374968E-05  0.13176891142998E-02
 -0.21120623390666E-04 -0.63840966981081E-04  0.33283990068484E-03
  0.29045835416643E-05 -0.67177521128196E-05  0.13173943343846E-02
  0.93362430375846E-06  0.29082934466030E-05  0.13175916081895E-02
 -0.23883765016416E-05 -0.34282763555821E-04  0.22479151018496E-03
  0.17536134445455E-04  0.28519682598804E-04  0.28945417129273E-03
 -0.62624752863999E-05 -0.63698613577584E-05  0.13202039797193E-02
  0.41974864404225E-05 -0.15168721400634E-05  0.13203551730546E-02
 -0.83128819073221E-04  0.95365139261180E-04  0.39356686910514E-03
  0.13005089802133E-03  0.29891176173643E-04  0.46343250382720E-03
 -0.64336330449063E-05  0.38206176241491E-05  0.13170903574497E-02
  0.85894619650764E-04  0.40213446766806E-04  0.33835264411222E-03
  0.13759449082515E-03  0.13480184260073E-04  0.45662264333475E-03
  0.66772019654624E-05  0.77742967217332E-05  0.13164242904724E-02
  0.54144991925378E-13 -0.40146104500843E-13  0.23570836038138E-03
  0.50021290135019E-04 -0.33364002971793E-04  0.43075272547757E-03
 -0.10985960573947E-06  0.26184362311504E-05  0.13251766985926E-02
 -0.12220518955864E-04 -0.89020283031641E-06  0.13174175629642E-02
 -0.12664413832919E-03 -0.14550197836472E-04  0.46465842020776E-03
  0.82047834734588E-05 -0.31811352070621E-05  0.13219133202893E-02
 -0.24527423609902E-12  0.41544465775005E-14  0.13119522205029E-02
  0.51249015630144E-05  0.34590805695868E-05  0.13192183858509E-02
 -0.25035407360701E-04  0.17538396624313E-04  0.41642282772323E-03
 -0.69028200347777E-05  0.36715324653625E-05  0.13150118420186E-02
 -0.39138930983558E-04 -0.12757296954679E-03  0.46343250371514E-03
 -0.25593453633158E-05  0.57160891587051E-05  0.13159228338672E-02
  0.11402148694021E-03  0.69744435546465E-05  0.41712971577067E-03
  0.52075115285191E-05  0.71622018825308E-05  0.13184314380535E-02
  0.70997696570094E-06  0.10051640176813E-04  0.13195609464795E-02
 -0.26709934554280E-05 -0.30450496721100E-04  0.41642282731201E-03
 -0.55214948666234E-04  0.95582172372124E-04  0.34059050665247E-03
  0.51548557535845E-04 -0.95325293439770E-04  0.36146702876058E-03
 -0.90320276035885E-04  0.64845919244269E-04  0.46372849512247E-03
  0.15345988624024E-05  0.16803771710593E-05  0.13233747325709E-02
  0.65611269148143E-05  0.45802186086958E-05  0.13191721030080E-02
 -0.92352921056596E-04  0.26493677038692E-04  0.39842411787378E-03
 -0.28651611845120E-04 -0.48563499619766E-04  0.26744991499229E-03
  0.60736882542209E-05  0.82723847313771E-05  0.13168715086122E-02
 -0.27818645017969E-07  0.99277054831713E-06  0.13260384164980E-02
  0.53750871111490E-04  0.11673860236112E-03  0.42103096860513E-03
 -0.34123925214890E-05 -0.28766939211064E-05  0.13203551732145E-02
  0.38776374976807E-04  0.11240779350593E-03  0.43213849832977E-03
  0.87367397647896E-06 -0.47229317192082E-06  0.13260384163309E-02
 -0.77595374870833E-04  0.54353739952903E-04  0.30902138730910E-03
 -0.10630493875807E-03 -0.15855114130329E-04  0.37823442977339E-03
  0.76436557207168E-05  0.23174929681187E-05  0.13191523859018E-02
  0.65859943256520E-04 -0.80622125236984E-04  0.33779632083871E-03
 -0.90599643559552E-05 -0.44109617037766E-05  0.13195609464803E-02
 -0.98163316906099E-05 -0.44867706644708E-05  0.13206916576359E-02
 -0.33051966548990E-05  0.72054162861570E-05  0.13191138679545E-02
 -0.56765942642343E-04 -0.12113361011721E-03  0.41867924959850E-03
 -0.40148183503220E-05 -0.46398895642073E-05  0.13178435967665E-02
  0.68811976913269E-05 -0.10138178500833E-04  0.13174175627608E-02
  0.15881414256342E-04  0.55965221253058E-05  0.27552183925704E-03
 -0.39592630167048E-04  0.96579014800372E-04  0.34631487268530E-03
 -0.33466836798513E-04  0.92689714259876E-06  0.28945417075654E-03
  0.56779847201629E-04  0.92305007072198E-04  0.36146702836086E-03
  0.63738458335613E-05 -0.10698759658632E-04  0.13162980971894E-02
 -0.48811041206655E-04  0.63916060227526E-04  0.44299959297883E-03
  0.13411673103857E-04 -0.48804452824664E-04  0.28541624222022E-03
  0.10343619465880E-03 -0.14001283947393E-04  0.34631487198030E-03
  0.53631542254271E-05 -0.61192431092549E-05  0.13169510036067E-02
 -0.27134146491882E-05  0.51332917960785E-05  0.13230380873704E-02
  0.30966175251014E-04  0.96120872819446E-04  0.45871301206927E-03
 -0.56506852524293E-05 -0.34251154347380E-05  0.13237070579081E-02
  0.39586109615473E-04 -0.10717184557626E-03  0.46534349157456E-03
 -0.83129483312796E-04 -0.59016601930089E-04  0.42633344156760E-03
 -0.77644446293331E-04  0.81317543293912E-04  0.41379961807150E-03
  0.53393212819770E-05  0.11028381005642E-04  0.13174175627796E-02
  0.50507353562694E-04 -0.65278602900758E-04  0.36043784396396E-03
  0.36153171301446E-05  0.11255381250727E-04  0.13192421444417E-02
  0.15930701924384E-04 -0.29446579682714E-04  0.28945417063865E-03
 -0.98726204306459E-04 -0.21242941707326E-04  0.45871301187002E-03
  0.57915793977630E-05 -0.31810793069579E-05  0.13237070579440E-02
  0.34027468062180E-05  0.64207546291393E-05  0.13188347236962E-02
 -0.78509358657939E-06  0.43935660670553E-05  0.13203551728695E-02
 -0.71354493911776E-05 -0.12737396583091E-05  0.13145505610329E-02
  0.68167439782164E-05 -0.82099123778272E-05  0.13199528287357E-02
  0.63589434497557E-04 -0.17695395576479E-05  0.26424611192968E-03
  0.26178432359004E-05  0.77042495655127E-05  0.13169510033603E-02
  0.92674618265207E-04 -0.42483943399931E-04  0.42633344182129E-03
  0.37016204820210E-05  0.10008429254825E-04  0.13199528290911E-02
 -0.12452321036368E-04 -0.17053250840962E-06  0.13162980969295E-02
 -0.30947411426989E-04 -0.74229631499495E-04  0.44299958927365E-03
 -0.75279487209031E-04 -0.46781592312338E-04  0.28197219439289E-03
 -0.48971732746234E-04  0.12787376658801E-04  0.28541624183457E-03
 -0.10832840438644E-03  0.30202860772766E-05  0.36146702841367E-03
  0.83499871201411E-05 -0.56406780646781E-05  0.13195609466452E-02
 -0.17055420082954E-05 -0.51721713373882E-05  0.13179133376855E-02
  0.64932255452852E-05  0.63497807108109E-04  0.25470525358683E-03
  0.69122315297156E-04  0.94627332009060E-05  0.24980484194746E-03
 -0.72700354314288E-05  0.84343320986167E-06  0.13173943341283E-02
  0.40764211767849E-06 -0.55304625873955E-06  0.13246017240931E-02
 -0.72471487679123E-05  0.33919935289681E-05  0.13191721027939E-02
 -0.90911967315210E-04  0.97681793265303E-04  0.46343250445297E-03
  0.53320025209812E-05  0.11090425131087E-05  0.13179133378552E-02
  0.18548634988643E-05  0.89912414633552E-05  0.13218770250275E-02
 -0.74469244148167E-04 -0.67752194175990E-04  0.45881825074150E-03
 -0.23852245502155E-05  0.86083932702524E-05  0.13202039797644E-02
  0.34455404434183E-05 -0.43547368396603E-05  0.13231332069134E-02
  0.74223159652842E-04 -0.10491892120424E-03  0.42103096852187E-03
 -0.78213491601551E-04  0.17147190548265E-04  0.27856087188395E-03
  0.95596607693044E-04 -0.65710060346437E-04  0.46394506171379E-03
  0.62731481665737E-05 -0.39637948079335E-05  0.13184527811233E-02
  0.56383030518975E-04 -0.53127369682096E-06  0.26744991493154E-03
 -0.10200939037563E-04  0.11237762073916E-05  0.13168715084501E-02
 -0.61948185171121E-04 -0.11367772978726E-04  0.31686769513879E-03
 -0.31600835621683E-04 -0.10790083435918E-03  0.41379961820773E-03
 -0.72619097178774E-05 -0.26351188480528E-06  0.13188347234658E-02
 -0.68277278524643E-06 -0.76505328928139E-07  0.13246017235455E-02
  0.69871082859758E-05  0.64871460467590E-05  0.13178154080932E-02
 -0.58237327118134E-04 -0.26125605605813E-04  0.25470525387289E-03
 -0.63098225670080E-04 -0.33545353078385E-04  0.28358306283700E-03
  0.58099195156505E-05  0.96776353226026E-05  0.13160202193144E-02
  0.40818872221684E-04 -0.47964814915723E-04  0.31686769534729E-03
 -0.30888539963494E-05 -0.49165315282587E-05  0.13230380873862E-02
 -0.91115877666808E-05  0.28074406496723E-05  0.13178154079998E-02
  0.73020486280578E-04  0.87868499775658E-04  0.46534349182020E-03
 -0.82740318440381E-05 -0.94376436027012E-04  0.30902138713666E-03
  0.27176961331131E-06 -0.78137837013005E-05  0.13150118418200E-02
  0.29323065574080E-04 -0.53683390288302E-04  0.25309156729530E-03
  0.69120657785795E-04  0.66733137203912E-04  0.39842411766059E-03
  0.68602215454685E-06 -0.79722115752747E-05  0.13191721031818E-02
  0.78153790838225E-04 -0.41803151675636E-04  0.28197219505956E-03
 -0.44190550293332E-04  0.11238905272352E-03  0.46308300842682E-03
 -0.77580216365507E-05  0.15746133726248E-07  0.13207800296307E-02
 -0.11286037466405E-04  0.19272025350010E-06  0.13160202194006E-02
  0.24979855418319E-05  0.71417343516370E-04  0.28358306244856E-03
  0.46708154979756E-05 -0.55426105362914E-05  0.13145505610437E-02
  0.55314685314985E-04 -0.11085642581445E-03  0.44691966943316E-03
  0.38892897067238E-05  0.14249751726419E-06  0.13131842907473E-02
  0.63509825426486E-05 -0.11865879366239E-03  0.45603115758849E-03
  0.64152495024576E-05 -0.80816945015216E-05  0.13181801761267E-02
 -0.10518364544361E-04 -0.17985174084614E-05  0.13199528288470E-02
  0.43993550800387E-05  0.34031211677715E-05  0.13210517067511E-02
 -0.10593702160856E-03  0.53829284481306E-04  0.45603115762619E-03
  0.62248245663516E-04  0.46426467768614E-04  0.29150842439658E-03
 -0.21338617988922E-05 -0.27003176915284E-05  0.13251178301880E-02
 -0.14089401510697E-06  0.66061947285182E-05  0.13237070578098E-02
 -0.28743039401987E-05  0.88584743999005E-04  0.28197219424182E-03
  0.55736115799828E-04  0.55026639430964E-04  0.44219089306087E-03
  0.24646339379747E-05  0.68163503430279E-05  0.13145505609693E-02
 -0.10206577252848E-04 -0.15149218288035E-05  0.13181801760413E-02
  0.90823779598419E-05 -0.77121796089688E-04  0.29150842433759E-03
  0.62299514383572E-05 -0.64158637020921E-06  0.13159228339532E-02
  0.67760029506941E-04 -0.74877930851290E-04  0.45871301186494E-03
 -0.61152712716242E-04  0.14471751883406E-05  0.25309156833209E-03
  0.11942705041643E-03 -0.17924387504704E-04  0.46308300854059E-03
 -0.99580136949898E-05  0.17042607933761E-05  0.13145966789385E-02
 -0.48757975298470E-05  0.63906266007183E-06  0.13127793780509E-02
 -0.83773022021117E-04  0.44189713220433E-05  0.27686235077998E-03
 -0.44727587283225E-04  0.50211479634268E-04  0.33283990101474E-03
 -0.65693213890924E-05 -0.34508083343425E-05  0.13184527808665E-02
  0.53956647867065E-04  0.59161275275556E-04  0.27856087174670E-03
  0.13328775479968E-03  0.11406057154414E-04  0.41867924960412E-03
  0.60784747264711E-05  0.10869292605565E-04  0.13162980971045E-02
  0.11038406372483E-03  0.26461937417091E-07  0.34059050664134E-03
 -0.95451348225058E-05  0.10150054496853E-03  0.42633344164888E-03
 -0.71330623217500E-04  0.30695328383677E-04  0.29150842420261E-03
  0.37913278965453E-05  0.95966159138364E-05  0.13181801760537E-02
  0.59676504914337E-05  0.80696942571665E-05  0.13176891143933E-02
 -0.63843565493110E-04 -0.82577730404521E-04  0.34631487234981E-03
 -0.54940826614270E-05 -0.80655735618218E-06  0.13231332068545E-02
 -0.21440498932182E-04  0.98368354436557E-04  0.45881825234800E-03
 -0.79809978083149E-05 -0.15850061091253E-05  0.13169510031032E-02
 -0.36264606637098E-05  0.40631283912937E-05  0.13179133376201E-02
  0.77959817352263E-04 -0.89785222349075E-04  0.43213849838287E-03
  0.38591633932275E-05 -0.61572420896068E-05  0.13188347236278E-02
  0.10225085570575E-05  0.10744578367481E-04  0.13206916575338E-02
  0.10924528143197E-03  0.26583291094768E-04  0.41379961800025E-03
 -0.41024223649006E-04 -0.11967423870808E-03  0.39356686883981E-03
 -0.45874756693408E-05 -0.64650927213073E-05  0.13191138677980E-02
  0.51744101358356E-04 -0.37372201810659E-04  0.25470525353809E-03
  0.36890836498498E-04  0.97347446611391E-04  0.33779632063839E-03
 -0.91935547633579E-07 -0.74819983832972E-05  0.13170903573977E-02
 -0.52179656846028E-04 -0.11007460215833E-03  0.46903475035648E-03
  0.65934521411585E-05 -0.96912026650545E-05  0.13180505022795E-02
 -0.38790314511307E-04 -0.55614365768002E-04  0.35071976767226E-03
  0.77047575273307E-06 -0.39998634073496E-05  0.13220263540032E-02
  0.21129312209359E-04  0.59332588205124E-04  0.31686769492426E-03
  0.21244790803810E-05 -0.92945862563479E-05  0.13178154081074E-02
 -0.51468674409871E-05  0.21083930198234E-05  0.13210517065828E-02
 -0.43801615550145E-05  0.58124980109251E-05  0.13208271377685E-02
  0.86476993913755E-05 -0.22385323471714E-05  0.13202039796633E-02
 -0.12797403076174E-03 -0.11819681460539E-04  0.42103096863290E-03
 -0.77773176071561E-04  0.54280199104364E-04  0.33835264422095E-03
  0.79397874266845E-05 -0.87586470575018E-05  0.13192421444667E-02
  0.38926473808113E-05  0.67107708202040E-05  0.13207800297857E-02
 -0.81786605191832E-04 -0.11101349864855E-04  0.36043784362658E-03
  0.27513102655395E-06  0.62955134523431E-06  0.13246017240040E-02
  0.30787458826837E-05  0.26671835041686E-05  0.13220263540043E-02
  0.68592115494733E-05 -0.61019801101533E-05  0.13218770252781E-02
  0.12141723027015E-03  0.98483929351634E-05  0.46903475037572E-03
 -0.10071339154112E-04  0.18954785586944E-05  0.13164242903959E-02
 -0.11260659550424E-03  0.19303346682176E-04  0.46534349173727E-03
  0.29913432036145E-05  0.39030333844393E-05  0.13127793778004E-02
  0.31829647193507E-04  0.52236215032591E-04  0.25309156732614E-03
  0.58022684812498E-05 -0.21675951660644E-06  0.13230380875197E-02
 -0.28495555747658E-04  0.19209776553815E-04  0.22479151048173E-03
  0.20518441691661E-05 -0.22626893917686E-05  0.13175916081535E-02
 -0.10470488522566E-03 -0.49934060579327E-04  0.46394506138155E-03
 -0.11689554020801E-04 -0.86449575367883E-06  0.13180505022085E-02
 -0.18212383077283E-05 -0.34394725581998E-05  0.13131842907092E-02
 -0.26366190761827E-04 -0.64593047115655E-04  0.24980484194569E-03
 -0.12065780297297E-07 -0.81556703871536E-05  0.13179705121728E-02
 -0.30939766382122E-05 -0.16551969820586E-04  0.27552183962571E-03
 -0.33327183572615E-04 -0.54185295669584E-04  0.26424611173734E-03
 -0.20561497085989E-05  0.82487423766702E-04  0.29441310792397E-03
  0.43654520264338E-05  0.58743190728165E-05  0.13173943348293E-02
  0.35988932427823E-05 -0.80909383687553E-05  0.13184314378778E-02
 -0.11814215407491E-04  0.33585687933329E-06  0.13165037719871E-02
 -0.50970697935365E-04 -0.10223272602593E-03  0.41712971599092E-03
  0.23232262790267E-04 -0.93226813872796E-04  0.39842411803302E-03
 -0.28768295965813E-04  0.61400580809758E-04  0.35071976754633E-03
  0.79758452560270E-04  0.10313571543669E-04  0.44299959112177E-03
 -0.80471427470983E-04  0.11242023236779E-03  0.45662264317524E-03
  0.38834291831749E-05  0.60001709267620E-04  0.43075272545724E-03
 -0.58288355407763E-05  0.54608536725833E-05  0.13191523856364E-02
  0.85869407419276E-04  0.40022696293125E-04  0.30902138723026E-03
  0.66310506082921E-05  0.41422512671706E-05  0.13150118419183E-02
  0.70690507271499E-05  0.40673858073374E-05  0.13179705123856E-02
 -0.70408129988232E-04 -0.43024390013606E-04  0.29441310738346E-03
  0.35560059262579E-04  0.36017075860476E-04  0.28541624170677E-03
 -0.22127027156296E-05 -0.14043593250051E-05  0.13251766985194E-02
  0.60256713479772E-05 -0.11569902389294E-05  0.13178435968409E-02
  0.66883401219118E-04 -0.84135219837361E-04  0.37823442975947E-03
 -0.55581026683222E-05  0.27087546955293E-05  0.13192183857714E-02
  0.34054742977942E-05 -0.49781955238293E-06  0.13251178301813E-02
 -0.75522525457596E-04  0.20755573000816E-04  0.44219089269719E-03
 -0.17960947950346E-05 -0.28804539433152E-06 -0.13392573538456E-02
  0.18019365507748E-05 -0.13918850319700E-05 -0.13403445874945E-02
  0.48339948478748E-05  0.17025760081519E-04  0.13312432154962E-02
 -0.14938239745771E-04 -0.10645099487266E-04  0.13339304022705E-02
  0.53096321546621E-05 -0.12203589308498E-04 -0.13333939026427E-02
 -0.18186795270423E-04 -0.19058540222441E-04 -0.13337162522348E-02
 -0.11708724315698E-04  0.20376429175289E-04  0.13329101987417E-02
 -0.16488084883124E-04 -0.68503311650889E-05 -0.13317127377418E-02
 -0.75516801610761E-06  0.22121614718854E-04 -0.13339192625905E-02
 -0.96643440866714E-05 -0.11241599728702E-04  0.13353974095271E-02
  0.10014161691664E-12 -0.18922998277997E-12 -0.13411380915464E-02
 -0.46681617678600E-05  0.78847726717173E-05 -0.13365296353866E-02
 -0.17161738227699E-04  0.43265179918539E-05 -0.13312432157402E-02
 -0.64513470132355E-05  0.45464825928813E-05  0.13395553082241E-02
  0.34267862311347E-05 -0.75009054672213E-05 -0.13359544310343E-02
 -0.13781156271093E-04  0.43498141966988E-05 -0.13284814906979E-02
  0.17463293617086E-04 -0.12893934218376E-06 -0.13274932837869E-02
  0.16748103586311E-04 -0.92344327731705E-05 -0.13322324426219E-02
 -0.37679870680549E-06  0.19121500037181E-04 -0.13322324423580E-02
 -0.11792143480761E-04  0.20328267652533E-04 -0.13329101986953E-02
 -0.74117822197909E-05 -0.25279496729477E-04  0.13337162525856E-02
 -0.71455198015684E-05  0.25047359097260E-04 -0.13317998312186E-02
  0.27148958115222E-06 -0.13161550369992E-04  0.13268093391981E-02
  0.91624939198807E-05  0.10036037685197E-06 -0.13365296352333E-02
  0.23500867990527E-04 -0.48161572977024E-07  0.13329101986616E-02
 -0.97126519725587E-05  0.13402535551069E-04 -0.13347121234068E-02
 -0.18118889505871E-04 -0.18711881476895E-04 -0.13317998317112E-02
  0.27544598471045E-04 -0.25476509037833E-05 -0.13304524050437E-02
  0.16688046922529E-04 -0.76143449582517E-05  0.13339304022747E-02
 -0.13223434671879E-04 -0.15035181215478E-05  0.13333939029462E-02
  0.25598577631816E-04  0.62209568898051E-05  0.13337162526217E-02
 -0.21063759342190E-05  0.86458014849974E-06  0.13403445875374E-02
  0.71630428317481E-05 -0.33137891145178E-05 -0.13395553081929E-02
  0.14703672247282E-04  0.10200457015356E-04 -0.13356871325054E-02
  0.23114817752254E-05 -0.17704266432080E-04  0.13317127378721E-02
  0.10368444000707E-04  0.84153606373082E-05  0.13382480934234E-02
 -0.12055949282380E-04  0.24047746320852E-04 -0.13324555899442E-02
  0.11262491844727E-04 -0.68158918289340E-05 -0.13268093394780E-02
 -0.42707015414664E-05 -0.73811505524999E-05  0.13385874182000E-02
 -0.14938239879073E-04  0.10645099470373E-04 -0.13339304024332E-02
  0.26451742800888E-04 -0.30112259523211E-05 -0.13318030326467E-02
 -0.14515648300222E-04  0.16552329154424E-04  0.13318544431226E-02
  0.16688046231147E-04  0.76143454601633E-05 -0.13339304026866E-02
 -0.18118889734269E-04  0.18711881472940E-04  0.13317998316128E-02
  0.48339951880190E-05 -0.17025760067386E-04 -0.13312432159445E-02
 -0.49771725384085E-05  0.30451354924539E-05 -0.13339352893819E-02
  0.16748103899334E-04  0.92344324212611E-05  0.13322324422840E-02
 -0.15833669743998E-04 -0.21402268863573E-04 -0.13318030329349E-02
 -0.49033385914383E-05  0.13990367759640E-04  0.13353974100350E-02
 -0.12472138233261E-04 -0.47716554885550E-05 -0.13382480930529E-02
  0.18941837022298E-04 -0.80523632645290E-05 -0.13363413103691E-02
  0.17463293658902E-04  0.12893921815400E-06  0.13274932838115E-02
 -0.16185691602793E-04  0.76335252787956E-05 -0.13356871325566E-02
 -0.71169609835933E-06  0.78602714518397E-05 -0.13395553081103E-02
 -0.17161738693393E-04 -0.43265181726696E-05  0.13312432155785E-02
 -0.37679891093938E-06 -0.19121499997121E-04  0.13322324422213E-02
  0.12327743647785E-04  0.12699242564912E-04 -0.13312432156441E-02
  0.85276146407251E-05 -0.79607609345110E-08  0.13385874184318E-02
  0.30443906498387E-06  0.22564650511370E-05 -0.13403445873046E-02
  0.11638759987915E-04 -0.13817090937832E-04 -0.13364296734444E-02
 -0.97126520751738E-05 -0.13402535251929E-04  0.13347121229874E-02
 -0.88433113190523E-05 -0.15059185853869E-04 -0.13274932840817E-02
 -0.17785331919930E-04 -0.31709156888651E-05 -0.13364296735472E-02
 -0.10618073542331E-04 -0.24413494129321E-04  0.13318030330092E-02
  0.18019364001406E-05  0.13918849083356E-05  0.13403445877335E-02
  0.14176603552868E-04 -0.10853935479856E-04 -0.13317127380895E-02
  0.51257502171514E-05  0.27877895283385E-05 -0.13339352894171E-02
  0.79138026828241E-05  0.10700070896792E-04 -0.13333939026996E-02
  0.61465719081331E-05 -0.16988007445497E-04  0.13364296733231E-02
 -0.18674643648180E-04 -0.22809542673877E-04 -0.13305854701109E-02
 -0.21063757767436E-05 -0.86458031451246E-06 -0.13403445875459E-02
  0.25264409368236E-04  0.63354776329668E-05  0.13317998316591E-02
 -0.86199820128229E-05 -0.15188125344156E-04  0.13274932837582E-02
 -0.86199825062709E-05  0.15188125347265E-04 -0.13274932841681E-02
  0.26853934970132E-04 -0.15831143860150E-05 -0.13324555892805E-02
 -0.42569131665275E-05 -0.73891107973863E-05 -0.13385874183768E-02
 -0.70769129744467E-05 -0.20847084535436E-04  0.13318544435489E-02
 -0.11533981620377E-04  0.63456580593693E-05  0.13268093390567E-02
 -0.17498070182430E-05 -0.18259444972390E-04 -0.13339304028879E-02
  0.16463261725855E-04 -0.17101357362256E-05  0.13347121231853E-02
 -0.46681619840292E-05 -0.78847721232491E-05  0.13365296349858E-02
 -0.14797984772403E-04 -0.22464631938831E-04 -0.13324555896559E-02
 -0.44943322446408E-05  0.79851328141266E-05  0.13365296351406E-02
  0.16463262657568E-04  0.17101354284857E-05 -0.13347121233147E-02
  0.18941836985809E-04  0.80523632600428E-05  0.13363413102933E-02
  0.21592561414318E-04 -0.42947553746130E-05 -0.13318544434655E-02
 -0.70769134496460E-05  0.20847084662451E-04 -0.13318544432857E-02
 -0.16371305428055E-04 -0.98870671908607E-05 -0.13322324425801E-02
 -0.15833669971412E-04  0.21402268925333E-04  0.13318030329658E-02
 -0.24973673929951E-05  0.20430293672459E-04 -0.13363413103087E-02
 -0.42707012948374E-05  0.73811503461708E-05 -0.13385874180704E-02
 -0.96643442328478E-05  0.11241599520635E-04 -0.13353974090910E-02
 -0.67506099295549E-05 -0.15112671357868E-04 -0.13347121229360E-02
 -0.16444469704579E-04  0.12377930154857E-04  0.13363413104683E-02
  0.27148941240726E-06  0.13161550325312E-04 -0.13268093393392E-02
  0.26853934633376E-04  0.15831143737983E-05  0.13324555897256E-02
  0.14567683262394E-04  0.27487682077078E-05 -0.13353974090907E-02
  0.29090964907172E-04  0.47679442931728E-05  0.13305854702395E-02
  0.25598577463748E-04 -0.62209563410035E-05 -0.13337162524908E-02
 -0.11708724408775E-04 -0.20376429477879E-04 -0.13329101990222E-02
 -0.10416321748130E-04  0.27577486387105E-04 -0.13305854701828E-02
 -0.14857889735247E-06  0.58329247619181E-05  0.13339352895459E-02
 -0.52175840468831E-05 -0.19478294413388E-04 -0.13328985382363E-02
 -0.14797984260796E-04  0.22464631964371E-04  0.13324555900787E-02
  0.21036931032709E-05  0.13187016077433E-04 -0.13382480930091E-02
 -0.17498068942198E-05  0.18259444984213E-04  0.13339304022048E-02
 -0.61599875893402E-05  0.20458366806982E-04  0.13303599457336E-02
 -0.12472138243276E-04  0.47716558583811E-05  0.13382480930624E-02
  0.51257502677724E-05 -0.27877898975245E-05  0.13339352892500E-02
  0.25432075343587E-05 -0.58808478070130E-05 -0.13388994588016E-02
 -0.13237133356306E-04  0.17766982263139E-04  0.13349341240526E-02
 -0.17816091530311E-04 -0.66403468887504E-05 -0.13297766844237E-02
  0.10085632225484E-04 -0.84617494315696E-05  0.13370428697845E-02
  0.22946435701017E-04 -0.72080292269217E-05 -0.13289328081932E-02
  0.11542620473514E-04 -0.49775277744818E-05 -0.13329324503171E-02
 -0.11305629402909E-04 -0.26214592632975E-04  0.13315652905895E-02
 -0.18780296393595E-04 -0.11714802472884E-04 -0.13339192625890E-02
  0.47825814656450E-05 -0.67181367922174E-05  0.13359544309064E-02
 -0.13213036149987E-05  0.13806018840759E-04 -0.13335846540328E-02
  0.11475026549850E-05 -0.14114412334371E-05 -0.13392573540127E-02
 -0.14259905576461E-04 -0.14257707527279E-04  0.13328985382294E-02
  0.15096456105838E-04 -0.33042343277084E-05 -0.13376849005000E-02
  0.10657627338554E-04 -0.97599240925718E-05  0.13284814906618E-02
 -0.13759312758116E-04 -0.15940966145426E-04 -0.13323728968079E-02
  0.31235285316847E-05 -0.14109737971713E-04 -0.13284814908007E-02
  0.19535464130537E-04  0.10406812265405E-04  0.13339192626161E-02
 -0.11565968726175E-04  0.25128147575380E-04 -0.13304524051782E-02
 -0.17049688622371E-04  0.22898258760278E-04  0.13315652905479E-02
  0.19477489935747E-04  0.52205866835632E-05 -0.13328985382660E-02
 -0.48470951069471E-05  0.23973264820132E-04 -0.13305505820514E-02
 -0.28598555369679E-12  0.14137629171035E-12  0.13411380914450E-02
 -0.62865294002734E-05  0.14316161481676E-04  0.13331868330504E-02
  0.29762722480880E-04  0.41284615896863E-05  0.13317663519966E-02
  0.11542621432762E-04  0.49775279907918E-05  0.13329324501202E-02
 -0.12760195033454E-04  0.17483349038975E-04 -0.13336663162337E-02
 -0.18780296131050E-04  0.11714802131225E-04  0.13339192625491E-02
  0.25304660336490E-05 -0.97485947231779E-06 -0.13403213310695E-02
 -0.14099826527209E-04  0.27061559789319E-05 -0.13330827177289E-02
  0.11475025170493E-05  0.14114412065387E-05  0.13392573535720E-02
  0.55251603302950E-05  0.22587840740439E-05 -0.13254420767822E-02
  0.14703672444504E-04 -0.10200456969063E-04  0.13356871326843E-02
  0.64859274678268E-06  0.16994868115051E-05 -0.13392573538782E-02
  0.47825812705927E-05  0.67181365909809E-05 -0.13359544313175E-02
 -0.82093680044265E-05  0.78276861917751E-06 -0.13359544306730E-02
 -0.47187446144481E-05  0.36555367394891E-05 -0.13254420766915E-02
  0.64859305299123E-06 -0.16994866941870E-05  0.13392573536494E-02
  0.29762722149992E-04 -0.41284614874654E-05 -0.13317663521780E-02
 -0.62865294293676E-05 -0.14316161785172E-04 -0.13331868328792E-02
 -0.82093678035513E-05 -0.78276896902347E-06  0.13359544310594E-02
 -0.13237133229821E-04 -0.17766981955397E-04 -0.13349341244122E-02
 -0.47187440229727E-05 -0.36555367881970E-05  0.13254420764967E-02
  0.10085631557007E-04  0.84617496674741E-05 -0.13370428698361E-02
 -0.11305629564354E-04  0.26214592598730E-04 -0.13315652907384E-02
 -0.11792143034977E-04 -0.20328267126974E-04  0.13329101989352E-02
  0.47063130150370E-05  0.13563886092990E-04  0.13330827181915E-02
 -0.52175838379408E-05  0.19478293508162E-04  0.13328985382745E-02
  0.80249209287861E-05 -0.16109727179082E-04  0.13342230468005E-02
 -0.11306008688790E-04 -0.27839504687617E-04  0.13317663522862E-02
  0.38213596482387E-05 -0.51429057895851E-05  0.13388994592646E-02
  0.20797459265716E-04 -0.48944772108236E-05  0.13303599457455E-02
  0.31573358744095E-05 -0.18749361706256E-04  0.13297766844580E-02
  0.99389727128507E-05  0.15004648581859E-04  0.13342230463882E-02
 -0.87680910686509E-05 -0.20347185232655E-04  0.13349341238738E-02
 -0.21094857055923E-05  0.17040183135414E-05  0.13403213312440E-02
 -0.18456713815109E-04  0.23711042805577E-04  0.13317663521995E-02
 -0.17963893289038E-04  0.11050783490821E-05  0.13342230467058E-02
 -0.14637471161230E-04 -0.15563889307089E-04  0.13303599458537E-02
  0.12617014422540E-04  0.57587268608543E-05  0.13335846541820E-02
  0.14658755325240E-04  0.12109013893399E-04  0.13297766844765E-02
 -0.46866773216295E-05 -0.14726031464108E-04  0.13376849001390E-02
 -0.18337909367187E-04  0.16184340826726E-04  0.13305505820099E-02
 -0.52308819589009E-05 -0.23476211130296E-04  0.13289328084297E-02
 -0.63645669394499E-05 -0.73794127298124E-06  0.13388994593323E-02
 -0.92548947025853E-05 -0.12602374554302E-04  0.13331868330418E-02
  0.22005224559591E-04  0.25802023076109E-05  0.13349341239152E-02
  0.21521122239698E-04 -0.23089782088229E-05  0.13336663162707E-02
 -0.87609279290333E-05  0.19792327951638E-04  0.13336663165348E-02
  0.15541424302073E-04 -0.17137868114321E-05  0.13331868328263E-02
  0.93935130867211E-05 -0.10857729952033E-04  0.13330827179867E-02
 -0.42097997905101E-06 -0.26788773997065E-05  0.13403213313143E-02
  0.22852739169806E-05  0.12965288337160E-04  0.13370428703569E-02
  0.27544597845899E-04  0.25476508116472E-05  0.13304524053138E-02
 -0.13781155556616E-04 -0.43498134602639E-05  0.13284814906956E-02
 -0.12760195144415E-04 -0.17483349644462E-04  0.13336663164199E-02
 -0.17960953889800E-05  0.28804567335032E-06  0.13392573541033E-02
  0.25304663398388E-05  0.97485895171674E-06  0.13403213311733E-02
 -0.69256249865749E-05 -0.19886396686360E-04  0.13323728967394E-02
 -0.75516798344996E-06 -0.22121614251219E-04  0.13339192624443E-02
 -0.14099826724845E-04 -0.27061565810678E-05  0.13330827181784E-02
  0.34267860418024E-05  0.75009059651635E-05  0.13359544310702E-02
  0.55251603679561E-05 -0.22587839582413E-05  0.13254420765307E-02
 -0.10409778859630E-04  0.11421797244456E-04  0.13376849002857E-02
 -0.10081976321846E-04  0.75074388265105E-05  0.13329324500363E-02
 -0.15978629721193E-04  0.22580496376430E-04  0.13304524051703E-02
  0.28355318020935E-04  0.33163341635815E-05  0.13315652903911E-02
  0.20684937471214E-04  0.39454310497741E-05  0.13323728968092E-02
 -0.80641531909062E-06  0.59143207574031E-05  0.13254420764201E-02
 -0.11295710744961E-04  0.80472924922390E-05  0.13335846540323E-02
 -0.14606444084056E-05 -0.12484967089010E-04  0.13329324503588E-02
  0.23185004284120E-04  0.77889251167537E-05  0.13305505821994E-02
 -0.12370906006130E-04 -0.45035390060411E-05  0.13370428698852E-02
 -0.17715554252628E-04  0.16268181971311E-04  0.13289328085638E-02
  0.80249213035488E-05  0.16109726852462E-04 -0.13342230468522E-02
  0.47063130715138E-05 -0.13563886615760E-04 -0.13330827178225E-02
  0.22946436272976E-04  0.72080285743372E-05  0.13289328082753E-02
 -0.17049688464951E-04 -0.22898258439521E-04 -0.13315652908134E-02
 -0.16444469415363E-04 -0.12377929938697E-04 -0.13363413108802E-02
 -0.10416321522588E-04 -0.27577486847535E-04  0.13305854703112E-02
  0.38213592080137E-05  0.51429059864971E-05 -0.13388994586929E-02
 -0.11306008160842E-04  0.27839504071477E-04 -0.13317663525032E-02
  0.14567682932012E-04 -0.27487683976132E-05  0.13353974094963E-02
  0.93935139566497E-05  0.10857730324996E-04 -0.13330827176885E-02
 -0.67506100613491E-05  0.15112671308555E-04  0.13347121233160E-02
  0.22852740692223E-05 -0.12965288007399E-04 -0.13370428697601E-02
 -0.17715554156138E-04 -0.16268181283070E-04 -0.13289328080346E-02
  0.21036937670416E-05 -0.13187016073939E-04  0.13382480929867E-02
 -0.88433112418140E-05  0.15059185995756E-04  0.13274932842074E-02
  0.26451743106568E-04  0.30112258145312E-05  0.13318030328643E-02
 -0.74117824688056E-05  0.25279496923023E-04 -0.13337162522085E-02
  0.23114814964736E-05  0.17704266183411E-04 -0.13317127379177E-02
 -0.49771718293663E-05 -0.30451357256502E-05  0.13339352895071E-02
  0.10368444305748E-04 -0.84153601187339E-05 -0.13382480926790E-02
 -0.18337908640766E-04 -0.16184339602843E-04 -0.13305505824098E-02
  0.14658754522146E-04 -0.12109013895628E-04 -0.13297766845231E-02
 -0.71169588237154E-06 -0.78602711622947E-05  0.13395553081347E-02
  0.15541423870798E-04  0.17137869919431E-05 -0.13331868327935E-02
  0.23185004614901E-04 -0.77889252015660E-05 -0.13305505822824E-02
 -0.14857850936971E-06 -0.58329254256785E-05 -0.13339352892927E-02
  0.29090965085070E-04 -0.47679439997742E-05 -0.13305854702573E-02
 -0.16185691358339E-04 -0.76335252933852E-05  0.13356871322216E-02
  0.25264409678911E-04 -0.63354778536060E-05 -0.13317998314471E-02
 -0.17785332391323E-04  0.31709166528702E-05  0.13364296726867E-02
 -0.14515648139572E-04 -0.16552329651671E-04 -0.13318544430213E-02
 -0.49033383339154E-05 -0.13990367546650E-04 -0.13353974094527E-02
  0.30443987020756E-06 -0.22564652823717E-05  0.13403445875272E-02
  0.61465717271718E-05  0.16988007753068E-04 -0.13364296732766E-02
 -0.12055950290302E-04 -0.24047747245805E-04  0.13324555895929E-02
 -0.10618073604650E-04  0.24413494643790E-04 -0.13318030331098E-02
  0.85276150911583E-05  0.79604320861236E-08 -0.13385874184815E-02
  0.12327743693686E-04 -0.12699242504579E-04  0.13312432154049E-02
 -0.11295710492213E-04 -0.80472913122176E-05 -0.13335846538198E-02
  0.11638759749273E-04  0.13817091595917E-04  0.13364296737273E-02
 -0.80641603362239E-06 -0.59143207313966E-05 -0.13254420766397E-02
  0.28355317702707E-04 -0.33163335564455E-05 -0.13315652901140E-02
 -0.18674643396718E-04  0.22809542750007E-04  0.13305854698514E-02
 -0.10081976818589E-04 -0.75074396889269E-05 -0.13329324499901E-02
  0.14176603640881E-04  0.10853934912198E-04  0.13317127374462E-02
 -0.10409778403106E-04 -0.11421797465038E-04 -0.13376849002853E-02
 -0.44943324870597E-05 -0.79851327560520E-05 -0.13365296354704E-02
  0.79138028545045E-05 -0.10700070700234E-04  0.13333939030330E-02
 -0.11533981510933E-04 -0.63456583148291E-05 -0.13268093393567E-02
 -0.11565968953950E-04 -0.25128148016093E-04  0.13304524048226E-02
 -0.69256250517607E-05  0.19886396951765E-04 -0.13323728969480E-02
 -0.17963893067161E-04 -0.11050784592307E-05 -0.13342230466603E-02
  0.19477489812849E-04 -0.52205867564642E-05  0.13328985381306E-02
  0.20684937194187E-04 -0.39454309743920E-05 -0.13323728968978E-02
  0.31235285499724E-05  0.14109738336087E-04  0.13284814906666E-02
 -0.14606453677036E-05  0.12484967612578E-04 -0.13329324500463E-02
 -0.12370906210647E-04  0.45035383729359E-05 -0.13370428697842E-02
  0.53096321351847E-05  0.12203589132484E-04  0.13333939027140E-02
 -0.42098041395716E-06  0.26788778436797E-05 -0.13403213314636E-02
 -0.18186795147894E-04  0.19058540004356E-04  0.13337162525470E-02
 -0.14637471810576E-04  0.15563890141663E-04 -0.13303599455948E-02
  0.20797459950162E-04  0.48944773886863E-05 -0.13303599456929E-02
 -0.13759312414599E-04  0.15940965927038E-04  0.13323728971083E-02
  0.91624942461332E-05 -0.10036032039013E-06  0.13365296353741E-02
 -0.71455198668390E-05 -0.25047359118248E-04  0.13317998317588E-02
 -0.18456714054590E-04 -0.23711042591109E-04 -0.13317663521419E-02
  0.12617014412960E-04 -0.57587267333473E-05 -0.13335846541566E-02
 -0.13213038083118E-05 -0.13806018114080E-04  0.13335846542848E-02
 -0.14259905547998E-04  0.14257707360546E-04 -0.13328985381052E-02
  0.25432076025421E-05  0.58808473531160E-05  0.13388994590619E-02
  0.10657627281420E-04  0.97599242614056E-05 -0.13284814906202E-02
  0.19535464189621E-04 -0.10406812513513E-04 -0.13339192624899E-02
 -0.17816090952083E-04  0.66403479023221E-05  0.13297766844260E-02
  0.99389722855392E-05 -0.15004648425746E-04 -0.13342230470196E-02
 -0.15978629590016E-04 -0.22580496672348E-04 -0.13304524052206E-02
  0.14820189813454E-05 -0.17833982204050E-04 -0.13356871324013E-02
  0.15096456045060E-04  0.33042344730501E-05  0.13376849003641E-02
 -0.87680910283446E-05  0.20347184741349E-04 -0.13349341240860E-02
  0.71630421675449E-05  0.33137885645024E-05  0.13395553079858E-02
  0.31573358539114E-05  0.18749361741108E-04 -0.13297766844612E-02
  0.23500867453847E-04  0.48161960582012E-07 -0.13329101987575E-02
 -0.16488085587188E-04  0.68503313350980E-05  0.13317127377985E-02
 -0.13223434383913E-04  0.15035182495449E-05 -0.13333939025525E-02
  0.11262492455622E-04  0.68158915249571E-05  0.13268093390904E-02
 -0.64513468524129E-05 -0.45464824090105E-05 -0.13395553081153E-02
 -0.46866778445648E-05  0.14726031444663E-04 -0.13376849005752E-02
  0.21592562316862E-04  0.42947556313305E-05  0.13318544430516E-02
 -0.52308820098113E-05  0.23476211102507E-04 -0.13289328081033E-02
 -0.16371305221000E-04  0.98870672140052E-05  0.13322324423918E-02
  0.22005224108994E-04 -0.25802025600487E-05 -0.13349341245916E-02
 -0.87609269728932E-05 -0.19792327795284E-04 -0.13336663162308E-02
 -0.42569133097901E-05  0.73891114185435E-05  0.13385874189819E-02
 -0.61599880473125E-05 -0.20458367579496E-04 -0.13303599456220E-02
 -0.24973672199697E-05 -0.20430293689524E-04  0.13363413105277E-02
  0.21521122606576E-04  0.23089781915557E-05 -0.13336663162804E-02
 -0.92548953805258E-05  0.12602374651137E-04 -0.13331868326552E-02
 -0.48470950121346E-05 -0.23973264853535E-04  0.13305505822972E-02
 -0.63645667828098E-05  0.73794166940793E-06 -0.13388994590436E-02
 -0.21094859773688E-05 -0.17040183012046E-05 -0.13403213313667E-02
  0.14820192895794E-05  0.17833982396464E-04  0.13356871325202E-02
