  0.11364897472148E-05 -0.53437971436551E-06  0.13236845441373E-02
  0.50777346272498E-05  0.23778467510658E-05 -0.13131472975877E-02
  0.66852134920745E-04  0.40531760015820E-04 -0.28148987186422E-03
 -0.18774446844050E-05  0.10798390788964E-04 -0.13170677891742E-02
  0.14766069577904E-04 -0.57006159170859E-04 -0.27349432661071E-03
  0.25662449841783E-05 -0.61359164700535E-05 -0.13184955216988E-02
 -0.48582247748672E-05  0.70645690965336E-04 -0.26437354950152E-03
 -0.14711158983502E-04 -0.10020199948965E-03 -0.38290181665709E-03
  0.58383307475682E-05 -0.58683944327795E-05 -0.13235119150963E-02
 -0.80013439765807E-05 -0.21219455406183E-05 -0.13235119149306E-02
  0.56340202226925E-04 -0.86571661179838E-04 -0.46068327545467E-03
 -0.10992927418994E-04 -0.69770094435184E-05 -0.13152358900531E-02
 -0.58235789740653E-04 -0.41721534217084E-04 -0.28162875496447E-03
 -0.25701623778050E-05  0.89466238657206E-05 -0.13186027082421E-02
 -0.10780952560552E-03  0.77847484865685E-04 -0.43951559986802E-03
  0.46803156831426E-04  0.92077877291264E-04 -0.46068327547740E-03
  0.66316784407325E-05 -0.48531649112269E-05 -0.13179566547076E-02
 -0.10314335888823E-03 -0.55062160002177E-05 -0.46068327446737E-03
  0.21630131996427E-05  0.79903398510270E-05 -0.13235119152330E-02
 -0.10050460751838E-04 -0.90623844033345E-05  0.13196035738572E-02
  0.58751850106703E-04 -0.39530191342397E-04  0.26437354948971E-03
 -0.40307368102512E-05  0.52903914854344E-05  0.13184955213072E-02
  0.70140136516335E-05  0.71294440343154E-04  0.28162875475993E-03
  0.54580412601493E-06  0.13008659292380E-04  0.13152358900238E-02
 -0.16754658990210E-05 -0.78161526570475E-04  0.28148987130664E-03
  0.47959213104857E-06 -0.55863703865901E-05  0.13131472974631E-02
  0.45393146964822E-04 -0.98038258718068E-04  0.46142620722360E-03
 -0.10310311309109E-05 -0.71703948388679E-06  0.13236845442983E-02
  0.62207049459139E-04  0.88330747247975E-04  0.46142620729727E-03
  0.10545858897934E-06  0.12514187839710E-05 -0.13236845443501E-02
 -0.12873485737338E-04 -0.41727619524981E-05 -0.13196035739573E-02
  0.64732134525775E-04 -0.58697279778568E-04 -0.37793252621863E-03
 -0.75188034222538E-05 -0.33166194736711E-05 -0.13179566546006E-02
 -0.79421897312642E-04  0.62841237387359E-04 -0.38290181705276E-03
  0.65817138856074E-05  0.49254402443477E-05 -0.13206253108255E-02
 -0.11166259987448E-03 -0.59507986922513E-04 -0.43256270077764E-03
  0.11538731219844E-04 -0.60316496709443E-05 -0.13152358899606E-02
  0.65249803349989E-04 -0.29572906928353E-04 -0.28162875450145E-03
  0.10736672813714E-03 -0.66948654735056E-04 -0.43256270082098E-03
 -0.84129583188841E-05 -0.70251098982168E-05 -0.13170677889396E-02
  0.41985746878883E-04  0.41290870867476E-04 -0.27349432635863E-03
 -0.11364898820213E-05 -0.53437985508079E-06 -0.13236845444118E-02
 -0.62207049808378E-04  0.88330747306192E-04 -0.46142620685767E-03
  0.10310314647524E-05 -0.71703923355364E-06 -0.13236845444853E-02
 -0.45393146135183E-04 -0.98038258777236E-04 -0.46142620732681E-03
 -0.47959201821091E-06 -0.55863708007237E-05 -0.13131472975268E-02
  0.16754658543336E-05 -0.78161527277213E-04 -0.28148987110645E-03
 -0.54580379283771E-06  0.13008659630630E-04 -0.13152358898165E-02
 -0.70140135243399E-05  0.71294440443137E-04 -0.28162875493597E-03
  0.40307367035673E-05  0.52903917039013E-05 -0.13184955216314E-02
 -0.58751850413436E-04 -0.39530190995418E-04 -0.26437354954641E-03
  0.10050460747271E-04 -0.90623844549391E-05 -0.13196035737551E-02
  0.18467267634345E-04  0.85408313130732E-04 -0.37793252623983E-03
 -0.75564133814373E-05  0.32372108325514E-05 -0.13206253106206E-02
 -0.18467267747519E-04  0.85408313185376E-04  0.37793252597256E-03
  0.12132266243016E-03  0.54442045212460E-04 -0.43951559987955E-03
 -0.56751816551475E-04  0.15715288295520E-04 -0.27349432622409E-03
  0.88712511128580E-06  0.81697849647522E-05 -0.13179566543196E-02
  0.94133056787978E-04  0.37360762897248E-04 -0.38290181724909E-03
 -0.65969821432454E-05  0.84552502691569E-06 -0.13184955215841E-02
  0.63610075074211E-04 -0.31115499341517E-04 -0.26437355002528E-03
  0.97470024147014E-06 -0.81626516209184E-05 -0.13206253105514E-02
  0.42958717800748E-05  0.12645664211112E-03 -0.43256270080344E-03
 -0.18704641214823E-12  0.20503977565210E-12 -0.13269866095475E-02
 -0.99457296946839E-13  0.81398964844550E-13 -0.41095089789339E-03
 -0.64629222433188E-05 -0.66991377692218E-05 -0.13186027081508E-02
 -0.13513136332953E-04 -0.13228952973771E-03 -0.43951559965275E-03
 -0.45981429554879E-05  0.32085240656810E-05 -0.13131472974911E-02
 -0.68527601134082E-04  0.37629767336671E-04 -0.28148987222670E-03
  0.28230250027483E-05  0.13235146814227E-04 -0.13196035737765E-02
 -0.83199402818647E-04 -0.26711033412588E-04 -0.37793252657801E-03
  0.10290402868251E-04 -0.37732805109483E-05 -0.13170677889654E-02
  0.90330843480762E-05 -0.22474858503834E-05 -0.13186027080442E-02
 -0.10545892554461E-06  0.12514189453864E-05  0.13236845441810E-02
  0.10760019616310E-03  0.97075113974902E-05 -0.46142620643835E-03
 -0.94133056809714E-04  0.37360762529701E-04  0.38290181694116E-03
 -0.65249803073358E-04 -0.29572906515529E-04  0.28162875498198E-03
 -0.88712475672904E-06  0.81697846483758E-05  0.13179566546794E-02
  0.58235790011455E-04 -0.41721534121495E-04  0.28162875487095E-03
  0.79421897978299E-04  0.62841237022479E-04  0.38290181691911E-03
  0.75188035138314E-05 -0.33166194461346E-05  0.13179566545148E-02
  0.65969822670728E-05  0.84552473851693E-06  0.13184955215628E-02
 -0.63610075281845E-04 -0.31115499103316E-04  0.26437354991132E-03
 -0.64732134851720E-04 -0.58697279483221E-04  0.37793252629538E-03
 -0.97470014037236E-06 -0.81626512852687E-05  0.13206253105105E-02
 -0.42958718596517E-05  0.12645664142363E-03  0.43256270100204E-03
  0.12873485767978E-04 -0.41727622338785E-05  0.13196035738941E-02
  0.10123409052758E-12  0.85367230282369E-14  0.13269866101670E-02
 -0.21630130502023E-05  0.79903401010929E-05  0.13235119149293E-02
  0.61038383066050E-13  0.15560868447092E-13  0.41095089573486E-03
  0.64629219921003E-05 -0.66991377595074E-05  0.13186027082003E-02
  0.13513136285167E-04 -0.13228952990627E-03  0.43951560043236E-03
 -0.65817136233481E-05  0.49254404008719E-05  0.13206253106788E-02
 -0.10760019609311E-03  0.97075114100491E-05  0.46142620715163E-03
 -0.25662450241094E-05 -0.61359164960693E-05  0.13184955215173E-02
  0.48582246284104E-05  0.70645690531742E-04  0.26437354985963E-03
  0.10780952505960E-03  0.77847484833124E-04  0.43951559999937E-03
 -0.58383307121052E-05 -0.58683944555862E-05  0.13235119151553E-02
 -0.46803156886754E-04  0.92077876954506E-04  0.46068327544756E-03
  0.25701626137951E-05  0.89466239143258E-05  0.13186027080522E-02
  0.80013440786593E-05 -0.21219456600120E-05  0.13235119149662E-02
 -0.56340201750575E-04 -0.86571660893592E-04  0.46068327549486E-03
  0.11166260016786E-03 -0.59507986851146E-04  0.43256270071412E-03
 -0.11538732053072E-04 -0.60316497707007E-05  0.13152358898549E-02
  0.10992927549135E-04 -0.69770098266187E-05  0.13152358897849E-02
  0.10314335864877E-03 -0.55062160929787E-05  0.46068327505509E-03
 -0.10290402628137E-04 -0.37732805599941E-05  0.13170677891436E-02
  0.56751817115670E-04  0.15715288046597E-04  0.27349432649588E-03
 -0.28230251125671E-05  0.13235147091462E-04  0.13196035738551E-02
 -0.50777349937634E-05  0.23778464107287E-05  0.13131472974220E-02
 -0.90330843822490E-05 -0.22474860709423E-05  0.13186027080678E-02
  0.18774446284742E-05  0.10798390784348E-04  0.13170677889688E-02
 -0.12132266247500E-03  0.54442045296584E-04  0.43951560039704E-03
  0.68527601047085E-04  0.37629767331460E-04  0.28148987194186E-03
 -0.66852135277726E-04  0.40531759510504E-04  0.28148987232145E-03
  0.14711159289522E-04 -0.10020199969440E-03  0.38290181690443E-03
 -0.14766069589995E-04 -0.57006158957363E-04  0.27349432659996E-03
 -0.66316784657155E-05 -0.48531649597965E-05  0.13179566545046E-02
 -0.10736672778964E-03 -0.66948655290729E-04  0.43256270100736E-03
  0.45981430714463E-05  0.32085238867195E-05  0.13131472976455E-02
  0.84129584181862E-05 -0.70251100871482E-05  0.13170677886708E-02
 -0.41985747030264E-04  0.41290870804541E-04  0.27349432638801E-03
  0.75564134933229E-05  0.32372104649919E-05  0.13206253106048E-02
  0.83199402797311E-04 -0.26711033437578E-04  0.37793252637399E-03
 -0.57368487196411E-05 -0.28513281368825E-04 -0.13302296011800E-02
  0.11988880827160E-05  0.12061940406686E-04  0.13339653180541E-02
  0.15459588974616E-04  0.13694094756211E-04 -0.13328399715089E-02
  0.24493293402018E-05 -0.24952242428484E-04  0.13332612879329E-02
  0.15270139593964E-12 -0.37146651197911E-12 -0.13397655844647E-02
 -0.98465028250365E-05 -0.70692371920571E-05 -0.13339653184807E-02
  0.16134075359179E-05  0.12981671015728E-04 -0.13276994535119E-02
 -0.10664247900466E-05  0.45536377592075E-05 -0.13378715162886E-02
  0.10435753622266E-04 -0.78880877888840E-05 -0.13276994538496E-02
 -0.19589228428263E-04  0.65413484953242E-05 -0.13328399714071E-02
  0.12049161126777E-04 -0.50935837720677E-05  0.13276994536000E-02
  0.21824801385364E-04  0.19224897550311E-04  0.13302296016190E-02
  0.44767783297048E-05 -0.13532680169866E-05 -0.13378715165058E-02
 -0.88273156548618E-05 -0.24257878126182E-04 -0.13343015324142E-02
 -0.70233292868062E-05  0.15415384145922E-04  0.13358107261697E-02
  0.22833940189139E-04  0.10354939401648E-04 -0.13332612875029E-02
 -0.20384611009273E-04  0.14597302841376E-04 -0.13332612881735E-02
  0.89098721640830E-05 -0.18159543238240E-04  0.13318828675501E-02
  0.98384497716217E-05 -0.13790074413691E-04 -0.13358107263041E-02
 -0.11045390625833E-04 -0.49927025212095E-05  0.13339653180230E-02
  0.16861779322970E-04 -0.16253105699515E-05  0.13358107262797E-02
 -0.15459588553490E-04  0.13694094436011E-04  0.13328399716750E-02
  0.16594281196569E-04  0.19773619262694E-04  0.13343015319105E-02
  0.73591290647957E-05  0.95386728800626E-05  0.13381496610954E-02
 -0.22833940461842E-04  0.10354939536654E-04  0.13332612876480E-02
 -0.21824801957405E-04  0.19224897322872E-04 -0.13302296011650E-02
 -0.89098718677975E-05 -0.18159543147915E-04 -0.13318828678397E-02
 -0.44767788428970E-05 -0.13532680869129E-05  0.13378715169149E-02
  0.11045390402313E-04 -0.49927031987943E-05 -0.13339653180247E-02
  0.10664250749768E-05  0.45536378584604E-05  0.13378715167488E-02
  0.70233298443587E-05  0.15415384445120E-04 -0.13358107260270E-02
 -0.16861778836816E-04 -0.16253107089577E-05 -0.13358107263903E-02
 -0.98384498517171E-05 -0.13790074279338E-04  0.13358107263887E-02
  0.19589227784895E-04  0.65413485132363E-05  0.13328399714632E-02
  0.57368486456202E-05 -0.28513280929510E-04  0.13302296014387E-02
  0.20384611016240E-04  0.14597303063863E-04  0.13332612875663E-02
  0.88273155720163E-05 -0.24257878545827E-04  0.13343015320241E-02
  0.98465023861013E-05 -0.70692373669879E-05  0.13339653182996E-02
 -0.10435753655285E-04 -0.78880872766038E-05  0.13276994535187E-02
  0.49630849738851E-13  0.10943347345751E-13  0.13397655838504E-02
 -0.16134077518064E-05  0.12981671752594E-04  0.13276994535670E-02
 -0.16594280737304E-04  0.19773618746698E-04 -0.13343015324866E-02
  0.11271689503094E-04  0.16795947038694E-04  0.13318828674412E-02
  0.27561650278843E-04  0.92883838409245E-05 -0.13302296013648E-02
 -0.34103534513355E-05 -0.32003695209345E-05 -0.13378715160093E-02
 -0.11940297516926E-04  0.16038559773162E-05  0.13381496608093E-02
  0.25421596603900E-04  0.44842590907520E-05 -0.13343015324287E-02
  0.20181561735785E-04  0.13635956236107E-05 -0.13318828674368E-02
 -0.27561650071691E-04  0.92883840798741E-05  0.13302296013966E-02
 -0.45811684088011E-05 -0.11142529230270E-04 -0.13381496605588E-02
 -0.11271689019842E-04  0.16795947179161E-04 -0.13318828675224E-02
  0.41296398130907E-05 -0.20235443722896E-04 -0.13328399716324E-02
 -0.12049161534441E-04 -0.50935835267640E-05 -0.13276994532234E-02
 -0.24493294004640E-05 -0.24952242465937E-04 -0.13332612877812E-02
 -0.25421596899606E-04  0.44842597142556E-05  0.13343015319387E-02
 -0.11988882602557E-05  0.12061939753745E-04 -0.13339653184375E-02
 -0.73591291127846E-05  0.95386732080998E-05 -0.13381496608413E-02
 -0.20181561895631E-04  0.13635957511728E-05  0.13318828675557E-02
  0.11940297056080E-04  0.16038560998260E-05 -0.13381496609284E-02
  0.45811683771123E-05 -0.11142528748913E-04  0.13381496606813E-02
  0.34103531767534E-05 -0.32003699047856E-05  0.13378715166557E-02
 -0.41296397640297E-05 -0.20235443452012E-04  0.13328399715790E-02
