 -0.25507756390103E-06 -0.55487806605898E-05  0.13271339131102E-02
  0.21313103270714E-04 -0.38077781515543E-05 -0.13235580212318E-02
  0.99676934082004E-04 -0.42787302963852E-04 -0.45183876476360E-03
 -0.13954184597623E-04 -0.16553800872364E-04 -0.13235580210542E-02
  0.60765443102951E-04  0.47256399055263E-04 -0.24172249428970E-03
 -0.10117476987214E-04 -0.91159271477066E-05 -0.13205365625538E-02
 -0.71307963761930E-04  0.28996217919162E-04 -0.24172249445142E-03
  0.12953362562973E-04 -0.42040285076016E-05 -0.13205365624841E-02
  0.10542519933905E-04 -0.76252616900727E-04 -0.24172249414347E-03
 -0.28358857532214E-05  0.13319956429507E-04 -0.13205365617315E-02
 -0.50002543724635E-04 -0.95516726514072E-04 -0.38426349488163E-03
  0.76935215558115E-05  0.26245366165009E-05 -0.13210107506840E-02
  0.41393992227488E-05 -0.84374050562937E-04 -0.43757114659282E-03
 -0.46778459104322E-05 -0.29952938177717E-05 -0.13271339120838E-02
  0.49329238773903E-05 -0.25534861554882E-05 -0.13271339126369E-02
 -0.75139772251688E-04 -0.38602199796051E-04  0.43757114517793E-03
  0.21313104091357E-04  0.38077785781870E-05  0.13235580206972E-02
 -0.12783575885079E-04 -0.10771640813687E-03  0.45183876519086E-03
 -0.15738449657363E-05  0.79750525277966E-05  0.13210107509115E-02
 -0.57718639589437E-04 -0.91061837455276E-04  0.38426349495744E-03
 -0.12783576226315E-04  0.10771640907405E-03 -0.45183876401057E-03
 -0.16456146248991E-04  0.15859904323977E-04  0.13136653039672E-02
 -0.15738451267164E-05 -0.79750531819058E-05 -0.13210107513200E-02
 -0.16456146273079E-04 -0.15859904000394E-04 -0.13136653034998E-02
  0.10772118395873E-03  0.44548903916831E-05 -0.38426349476615E-03
 -0.61196757561111E-05  0.53505169617088E-05 -0.13210107506379E-02
  0.72764149061292E-04  0.10688729776444E-03 -0.40741780783144E-03
  0.15075574543461E-04  0.71711751451554E-05 -0.13152640295638E-02
 -0.23615749809514E-04  0.49065753101484E-04 -0.26668672477757E-03
 -0.55070074014731E-05  0.22181392776009E-04 -0.13136653038173E-02
 -0.86893358309807E-04 -0.64929106211340E-04 -0.45183876424006E-03
 -0.73589190360319E-05  0.20361578817109E-04 -0.13235580215409E-02
  0.54300063594542E-04 -0.40810378182401E-05 -0.26668672602129E-03
  0.21963154408405E-04 -0.63214881235786E-05 -0.13136653034046E-02
 -0.14727786876906E-12  0.34238427522884E-12 -0.20343973434764E-03
 -0.17654850011917E-12  0.16844831927851E-12 -0.13057307485671E-02
 -0.12894918992753E-03  0.95719523986720E-05 -0.40741780754994E-03
 -0.13748206642205E-04  0.94702430023265E-05 -0.13152640295105E-02
 -0.75139771102084E-04  0.38602199801225E-04 -0.43757114433805E-03
 -0.25507806525894E-06  0.55487799705582E-05 -0.13271339127125E-02
  0.56185040604774E-04 -0.11645924900048E-03 -0.40741780708079E-03
 -0.13273682250159E-05 -0.16641417810141E-04 -0.13152640296476E-02
 -0.30684313025597E-04 -0.44984716122826E-04 -0.26668672465117E-03
 -0.57718639475343E-04  0.91061836688258E-04 -0.38426349517174E-03
 -0.30684313261621E-04  0.44984716644939E-04  0.26668672481196E-03
  0.71000371818812E-04  0.45771851167504E-04 -0.43757114608586E-03
  0.12953363590538E-04  0.42040286975357E-05  0.13205365633008E-02
  0.49329234872787E-05  0.25534865932392E-05  0.13271339135698E-02
  0.71000370989040E-04 -0.45771851538462E-04  0.43757114468898E-03
 -0.73589190428812E-05 -0.20361578745519E-04  0.13235580212667E-02
 -0.55070072820305E-05 -0.22181393087479E-04  0.13136653038070E-02
 -0.23615749597190E-04 -0.49065753128043E-04  0.26668672504181E-03
  0.15075575120786E-04 -0.71711746997065E-05  0.13152640291614E-02
  0.72764149035742E-04 -0.10688729783127E-03  0.40741780721118E-03
 -0.13748206465687E-04 -0.94702432988484E-05  0.13152640293652E-02
 -0.12894918942944E-03 -0.95719527875422E-05  0.40741780725110E-03
 -0.46081334194986E-12 -0.19204348881766E-13  0.13057307498646E-02
 -0.47187163030242E-12 -0.55118410031792E-13  0.20343973543500E-03
  0.21963153660789E-04  0.63214889261475E-05  0.13136653038713E-02
  0.54300064781247E-04  0.40810371848884E-05  0.26668672520126E-03
 -0.13273684915592E-05  0.16641417747398E-04  0.13152640287033E-02
  0.56185040623875E-04  0.11645924886311E-03  0.40741780721724E-03
 -0.46778464196546E-05  0.29952938266628E-05  0.13271339124788E-02
  0.41394001791858E-05  0.84374050342884E-04  0.43757114564389E-03
  0.10772118408870E-03 -0.44548898885735E-05  0.38426349512627E-03
 -0.61196758907853E-05 -0.53505168578577E-05  0.13210107508398E-02
 -0.86893358793667E-04  0.64929105876996E-04  0.45183876430565E-03
 -0.13954184729910E-04  0.16553800354356E-04  0.13235580208908E-02
  0.10542521751056E-04  0.76252617360113E-04  0.24172249244203E-03
 -0.28358858748684E-05 -0.13319956257881E-04  0.13205365624298E-02
 -0.71307963845457E-04 -0.28996217080889E-04  0.24172249273718E-03
 -0.50002544141478E-04  0.95516726405872E-04  0.38426349489146E-03
 -0.10117477235412E-04  0.91159273215168E-05  0.13205365624557E-02
  0.99676933960107E-04  0.42787303043163E-04  0.45183876479926E-03
  0.76935214203601E-05 -0.26245360257931E-05  0.13210107512714E-02
  0.60765442460491E-04 -0.47256399990982E-04  0.24172249234853E-03
  0.81156661860371E-05  0.13388633304397E-04 -0.13425531600775E-02
  0.33004541293162E-04 -0.13694567774056E-04  0.13395657791670E-02
  0.14821681821574E-04 -0.18137368648609E-04  0.13324686816079E-02
 -0.28362114788120E-04  0.21735486586990E-04 -0.13395657790280E-02
  0.52515140076017E-05  0.24431291615912E-04  0.13363264836124E-02
  0.81156658128804E-05 -0.13388633029829E-04  0.13425531605802E-02
  0.75665392340410E-05 -0.23556682478687E-05 -0.13340383224638E-02
 -0.13621514715393E-04  0.25740717323636E-04  0.13368312214851E-02
  0.75370639542214E-05 -0.13722690210828E-04 -0.13425531600559E-02
 -0.15652729690794E-04  0.33405608458809E-06 -0.13425531599199E-02
 -0.23783877062996E-04 -0.76677017048713E-05  0.13363264838724E-02
 -0.17432016406690E-05 -0.77306483567936E-05  0.13340383223226E-02
 -0.46424255362410E-05 -0.35430055903038E-04 -0.13395657790090E-02
  0.18532362551925E-04 -0.16763589046899E-04  0.13363264847331E-02
 -0.58233380903445E-05 -0.53749813642995E-05 -0.13340383221050E-02
 -0.15481357089920E-04 -0.24666936193799E-04  0.13368312216483E-02
 -0.28362114033166E-04 -0.21735487226733E-04  0.13395657787730E-02
  0.33004540988135E-04  0.13694569655061E-04 -0.13395657785556E-02
 -0.15652729901860E-04 -0.33405618261048E-06  0.13425531603845E-02
  0.52515135756928E-05 -0.24431292349681E-04 -0.13363264836000E-02
 -0.46424268232570E-05  0.35430055980840E-04  0.13395657791290E-02
  0.82965802901482E-05 -0.21904637495535E-04 -0.13324686817990E-02
 -0.13621515207863E-04 -0.25740717344772E-04 -0.13368312215346E-02
 -0.23118262922426E-04 -0.37672697170027E-05  0.13324686822766E-02
 -0.15481357178166E-04  0.24666935228369E-04 -0.13368312218394E-02
 -0.58233377423753E-05  0.53749812795188E-05  0.13340383221472E-02
  0.18532362847519E-04  0.16763589857154E-04 -0.13363264836325E-02
  0.29102871119174E-04 -0.10737816479815E-05  0.13368312217262E-02
  0.75665390103457E-05  0.23556681295916E-05  0.13340383224035E-02
  0.29102871470080E-04  0.10737809643811E-05 -0.13368312215177E-02
 -0.23118262433934E-04  0.37672701303471E-05 -0.13324686820144E-02
 -0.17432001519039E-05  0.77306486676109E-05 -0.13340383225879E-02
  0.75370637581943E-05  0.13722690009723E-04  0.13425531607073E-02
  0.82965807987553E-05  0.21904637406749E-04  0.13324686814080E-02
  0.14821681987241E-04  0.18137368665648E-04 -0.13324686821654E-02
 -0.57678716518787E-12 -0.10359692525403E-11 -0.13285151712872E-02
 -0.23783876478357E-04  0.76677014298590E-05 -0.13363264835467E-02
 -0.81076741696229E-13  0.15551715230645E-12  0.13285151709907E-02
