 -0.64732414034791E-06 -0.53396510210940E-05  0.13269726162872E-02
 -0.63347008098061E-05  0.36448067143335E-04 -0.16104772211093E-03
 -0.74951248259592E-06 -0.48493014191080E-05 -0.13228916317317E-02
 -0.68981683752934E-04  0.31624322753101E-05 -0.24355016113564E-03
  0.19865991190043E-04 -0.85811021710148E-05 -0.13208963374993E-02
  0.69949647975226E-04 -0.14063512565313E-04 -0.24867572472477E-03
  0.20540164395414E-04 -0.12713902641795E-04 -0.13120875412530E-02
 -0.36848556555794E-12 -0.22974835536175E-12 -0.16877103028315E-03
  0.71555363694641E-12  0.37509984403945E-12 -0.13053328698008E-02
 -0.11038594345247E-03  0.87407591396804E-05 -0.35659311375211E-03
 -0.15137936052536E-04  0.12912281430360E-04 -0.13131107694990E-02
 -0.11355629982407E-03  0.33859142763901E-04 -0.45983891660981E-03
 -0.68764544933780E-05  0.10543585692610E-04 -0.13238998281469E-02
 -0.96428261743364E-06  0.33463142667141E-04 -0.39154828409560E-03
 -0.16616067182231E-04 -0.93514512490148E-05 -0.13228176974253E-02
  0.39052542379980E-05  0.34227561270661E-06 -0.13279760537579E-02
 -0.45672477437747E-05  0.12359245569381E-04 -0.13222055377548E-02
 -0.44324888542444E-04 -0.76915054425219E-04 -0.27127045564746E-03
  0.55572844077247E-05  0.81734864256065E-05 -0.13236090673181E-02
 -0.15594918775695E-04 -0.88393990969019E-04 -0.36077294277270E-03
  0.10371244962904E-04 -0.98298864244138E-05 -0.13190167463649E-02
  0.47623251722634E-04 -0.99967412075912E-04 -0.35659311378817E-03
 -0.36133952212078E-05 -0.19565978505802E-04 -0.13131107692032E-02
 -0.47154182032300E-04 -0.53546415656108E-04 -0.24867572437747E-03
 -0.21280645047483E-04 -0.11431351023080E-04 -0.13120875426299E-02
 -0.68753982978481E-04  0.57702589159451E-04 -0.36077294204656E-03
 -0.13698554758089E-04 -0.40668209252101E-05 -0.13190167463639E-02
 -0.63054118527027E-04  0.11411078011318E-03 -0.46175135573860E-03
  0.91133235305076E-05 -0.35708546473027E-05 -0.13249231093536E-02
  0.64147944733048E-04 -0.48510983765207E-04 -0.22384546505559E-03
  0.88328036464204E-04  0.33082358032169E-04 -0.32017904025264E-03
 -0.12170734487173E-04 -0.13326781502179E-04 -0.13247533807163E-02
  0.95711867117377E-04 -0.47762662289378E-04 -0.45795649828034E-03
 -0.99290929007922E-05  0.41021607614953E-05 -0.13208838066082E-02
 -0.34393106114924E-04  0.82113355721695E-04 -0.43383548334137E-03
  0.78588539612262E-05  0.77466210236929E-07 -0.13267345001837E-02
  0.86101028923086E-04  0.81413069492297E-04 -0.45983891444409E-03
  0.12569239882930E-04  0.68339086527067E-06 -0.13238998279578E-02
  0.84348900363544E-04  0.30691400452174E-04 -0.36077294261969E-03
  0.33273084142280E-05  0.13896706107070E-04 -0.13190167456809E-02
  0.31752095658605E-04 -0.61321104563635E-04 -0.24355016018918E-03
 -0.25015434058004E-05  0.21495004188888E-04 -0.13208963390391E-02
 -0.60214229489863E-04 -0.11314439467897E-03 -0.40536311439569E-03
  0.29828816512047E-05  0.10859818275395E-04 -0.13235532792767E-02
  0.47090562324270E-04 -0.12747236959955E-03 -0.45354698305727E-03
 -0.54316730723087E-05 -0.17589805043088E-04 -0.13187557024904E-02
  0.21695051300621E-05 -0.59486798401734E-04 -0.32502848482268E-03
 -0.21165699392651E-04 -0.18467008173793E-04 -0.13167899871489E-02
 -0.12375666284036E-04  0.59268483031440E-04 -0.26169479995249E-03
 -0.16418318524682E-04 -0.10739154481396E-04 -0.13191031136360E-02
 -0.67878805882213E-04  0.10871924905735E-03 -0.40536311518290E-03
  0.79134374299242E-05 -0.80131612218614E-05 -0.13235532798394E-02
  0.21940063318464E-04  0.84776504658430E-04 -0.42293473638457E-03
  0.25703513685075E-04 -0.64617997944873E-05 -0.13215541479424E-02
  0.62762691530021E-04  0.91226651748106E-04 -0.35659311535050E-03
  0.18751330311756E-04  0.66536962930361E-05 -0.13131107693962E-02
 -0.22795465366906E-04  0.67609928002274E-04 -0.24867572447995E-03
  0.74048117850861E-06  0.24145254412822E-04 -0.13120875428573E-02
 -0.84388638322619E-04 -0.23387598006779E-04 -0.42293473801343E-03
 -0.72556734841961E-05  0.25490795431575E-04 -0.13215541484032E-02
 -0.53915699574381E-04 -0.70841983137333E-04 -0.43383548277626E-03
 -0.39965161085688E-05  0.67672342436192E-05 -0.13267344980554E-02
 -0.67295775638271E-04 -0.11166186121726E-03 -0.46175135287526E-03
 -0.14642111016992E-05  0.96777979502893E-05 -0.13249231089269E-02
  0.27455271852247E-04 -0.11527220989075E-03 -0.45983891882919E-03
 -0.56927857866390E-05 -0.11226975970955E-04 -0.13238998277389E-02
  0.49591267922868E-04 -0.39387098173223E-05  0.33039535154004E-03
 -0.12436662946223E-04  0.16937118224761E-04  0.13225346024997E-02
  0.61286185277170E-04  0.10331132649137E-03  0.46529084551351E-03
  0.17509540348526E-04  0.88491026814838E-05  0.13191031134986E-02
 -0.45140179203742E-04  0.40351883234458E-04  0.26169479980672E-03
  0.45743747961937E-05 -0.17755534812640E-05  0.13228916323253E-02
 -0.28397600829879E-04  0.23710045294019E-04  0.16104772622359E-03
 -0.98570888863739E-05 -0.72600562309700E-06  0.13236090673668E-02
  0.88772834545237E-04 -0.71046352854028E-07  0.27127045599708E-03
 -0.76491142258528E-05  0.61069440283201E-05  0.13249231078219E-02
  0.13034989442428E-03  0.24489195247640E-05  0.46175135321745E-03
 -0.16562069500150E-05  0.35531895625314E-05  0.13279760545985E-02
  0.29462072589588E-04  0.15896478368250E-04  0.39154828315898E-03
  0.29828817749931E-05 -0.10859818918598E-04  0.13235532793034E-02
 -0.60214229112201E-04  0.11314439498318E-03  0.40536311420608E-03
 -0.25015425697940E-05 -0.21495004595093E-04  0.13208963375145E-02
  0.31752094316104E-04  0.61321106256834E-04  0.24355016187812E-03
  0.33273091149046E-05 -0.13896705643963E-04  0.13190167466172E-02
  0.84348900648894E-04 -0.30691400027123E-04  0.36077294168230E-03
  0.12569239999463E-04 -0.68339158548280E-06  0.13238998280063E-02
  0.86101028088574E-04 -0.81413068560002E-04  0.45983891744516E-03
  0.78588520528282E-05 -0.77466614873879E-07  0.13267344995803E-02
 -0.34393103653501E-04 -0.82113358216302E-04  0.43383548685462E-03
 -0.99290916778195E-05 -0.41021602647960E-05  0.13208838082925E-02
 -0.11197722032487E-03 -0.56839460841111E-04  0.44773552825326E-03
 -0.39965156921424E-05 -0.67672314171038E-05  0.13267344987514E-02
 -0.53915700872374E-04  0.70841980941108E-04  0.43383549045746E-03
 -0.72556750509258E-05 -0.25490796950280E-04  0.13215541473884E-02
 -0.84388638147697E-04  0.23387599318176E-04  0.42293473698900E-03
 -0.20813047973286E-04  0.16835982604375E-04  0.13207885245011E-02
 -0.11197722009651E-03  0.56839460850439E-04 -0.44773552892229E-03
  0.99377721014737E-05 -0.79809241478019E-04  0.22384546675774E-03
 -0.72814181951371E-04 -0.59953145701133E-04  0.32017904185636E-03
  0.62448575088598E-04 -0.61388905507354E-04 -0.42293473668402E-03
 -0.18447840175766E-04 -0.19028996514159E-04 -0.13215541473146E-02
  0.37229587635110E-04  0.58158674349737E-04 -0.24355016391288E-03
 -0.17364447495815E-04 -0.12913900705311E-04 -0.13208963389490E-02
 -0.44447944885963E-04  0.76844007352205E-04 -0.27127045615993E-03
  0.42998051942617E-05 -0.88994919234010E-05 -0.13236090660978E-02
 -0.28206658982526E-04  0.40977940873745E-04 -0.33039535079591E-03
  0.24986913040480E-04 -0.96066356215091E-05 -0.13207885252433E-02
  0.12809303528296E-03  0.44251462333199E-05 -0.40536311522005E-03
 -0.10896319065564E-04 -0.28466574708715E-05 -0.13235532796590E-02
  0.34732301313651E-04 -0.12738021789230E-04 -0.16104772466290E-03
 -0.38248619921796E-05  0.30737474262734E-05 -0.13228916323180E-02
 -0.74085716803439E-04 -0.31298257068959E-04 -0.22384546647331E-03
  0.12987045030099E-04 -0.22242691228491E-05 -0.13222055367349E-02
 -0.15513854260399E-04 -0.93035504374111E-04 -0.32017904117525E-03
  0.20943867697761E-06  0.19065662199745E-04 -0.13228176987245E-02
 -0.49207425646707E-04 -0.12038662616226E-03 -0.43750961065793E-03
  0.40952400352494E-05 -0.50915761435445E-06 -0.13226856640316E-02
  0.24203694191811E-06 -0.70443273354918E-04 -0.41536958681967E-03
 -0.43006134300373E-05 -0.32304230253369E-05 -0.13269726161611E-02
  0.49479359291301E-05 -0.21092280541686E-05 -0.13269726162557E-02
 -0.61126682981487E-04 -0.35012024712743E-04  0.41536958559668E-03
  0.17626697706959E-04  0.38767760693042E-05  0.13247533809040E-02
 -0.64922546481905E-05 -0.10677023974411E-03  0.45795649947243E-03
 -0.24885620699343E-05  0.32920008481018E-05  0.13226856636985E-02
 -0.79654166404488E-04 -0.10280819298385E-03  0.43750960991320E-03
 -0.20568245217335E-04  0.71188917829698E-05  0.13150074243560E-02
 -0.59244969120651E-04  0.34237785207317E-05  0.27695091033555E-03
  0.16406628392270E-04  0.97142116448627E-05  0.13228176975691E-02
 -0.84197964206218E-05  0.10134976237500E-04  0.13222055368118E-02
  0.74048006166663E-06 -0.24145255322820E-04  0.13120875407554E-02
 -0.18910011730348E-04 -0.53402870908559E-07 -0.13111238961922E-02
 -0.19317471318876E-05 -0.12215301529773E-04 -0.13079507483648E-02
 -0.10912218863152E-05  0.19588257831064E-04 -0.13191031139725E-02
  0.67641932046482E-05 -0.12539484794646E-03 -0.44773553102643E-03
  0.14119714249075E-05 -0.10649926173655E-04 -0.13208838081670E-02
  0.36262652922623E-04 -0.10789199374585E-03 -0.41342154107582E-03
 -0.13766024935893E-04 -0.20510487664200E-04 -0.13172290203705E-02
 -0.95914140699845E-05  0.31730251692087E-05 -0.25477113383619E-03
 -0.22067037241212E-04 -0.14244691331719E-04 -0.13170023390195E-02
 -0.38296282162190E-04  0.97753163130954E-04 -0.33442489044534E-03
 -0.54290290202942E-05 -0.82036204732334E-05 -0.13220105808321E-02
 -0.47327361074904E-04  0.97423874870817E-04 -0.42553004734696E-03
  0.19287696647790E-04 -0.79333494054678E-05 -0.13235481017898E-02
  0.75305879910862E-04  0.85350375946046E-04 -0.41342154165629E-03
  0.24645618312396E-04 -0.16664827187546E-05 -0.13172290208767E-02
  0.57515845621416E-04 -0.18916600078668E-04 -0.26169479941904E-03
  0.13344992861866E-04  0.87116085059163E-04 -0.27005984380682E-03
 -0.52601831126839E-04  0.27864551116648E-04 -0.32502848488754E-03
 -0.54100482927764E-05  0.27563537270531E-04 -0.13167899874461E-02
 -0.89219611839063E-04 -0.59007576796130E-04 -0.45795649538866E-03
 -0.54559636565842E-05  0.17203555344821E-04 -0.13247533819602E-02
  0.54403111349352E-04 -0.66053766576393E-04 -0.43498949097431E-03
 -0.73439748843167E-05 -0.10221132117972E-04 -0.13261642610070E-02
  0.10803523258096E-03 -0.77252401616165E-05 -0.42553004617298E-03
 -0.16514330694909E-04 -0.12736961659215E-04 -0.13235481026868E-02
  0.50299293762636E-04  0.47405663063936E-04 -0.20164499766048E-03
 -0.10638891512835E-04 -0.62311010031030E-05 -0.13230475949990E-02
 -0.66204155329471E-04  0.19857636034338E-04 -0.20164499702643E-03
  0.10715738078203E-04 -0.60979989992060E-05 -0.13230475950722E-02
  0.20477863508595E-05 -0.98929214744652E-05 -0.25477113189587E-03
  0.94087577767000E-05  0.16403251002776E-04 -0.13111238951340E-02
  0.85171205388669E-05  0.65477660466088E-05 -0.13208838074125E-02
  0.10521302610517E-03  0.68555386638307E-04 -0.44773553121923E-03
  0.12523748597834E-04 -0.12495012260049E-05 -0.13261642603040E-02
  0.12886158961400E-03  0.17578434099808E-04 -0.43750960933193E-03
 -0.16066752254964E-05  0.38011607094323E-05 -0.13226856648394E-02
  0.86849029160361E-04  0.10451780838472E-03 -0.45354698311334E-03
  0.17949052440729E-04  0.40909352367683E-05 -0.13187557036689E-02
  0.26657405141023E-04  0.53019538113745E-04 -0.27695090989946E-03
  0.41189827043973E-05  0.21372068426398E-04 -0.13150074245975E-02
 -0.21384608949530E-04 -0.44916653873030E-04 -0.33039535076914E-03
 -0.41738658238999E-05  0.26442619446725E-04 -0.13207885249705E-02
  0.50432325890403E-04  0.31622246014231E-04 -0.32502848466049E-03
  0.26575748294950E-04 -0.90965288179358E-05 -0.13167899871892E-02
  0.33158500765702E-04  0.51336395532995E-04 -0.22853482978140E-03
  0.11544636384757E-04  0.44347097427993E-05 -0.13079507497146E-02
 -0.71664926607038E-04  0.47004615295861E-04 -0.29510995257957E-03
 -0.72419485655678E-05  0.20217426741340E-04 -0.13114757967799E-02
 -0.12011332431568E-03 -0.14197312403304E-05 -0.46529084358976E-03
 -0.84496454191667E-05  0.19239026729557E-04 -0.13225346014161E-02
 -0.28497791013798E-04 -0.17566665786517E-04 -0.39154828686325E-03
 -0.22490481732489E-05  0.32109110220607E-05 -0.13279760539804E-02
  0.88308806692934E-04 -0.11271373843910E-04 -0.43383548248847E-03
 -0.38623393261919E-05 -0.68447008488851E-05 -0.13267344982925E-02
  0.68772247493107E-04 -0.55115145727301E-04 -0.27005984517980E-03
  0.95012534994461E-05 -0.16349849021134E-04 -0.13111238940599E-02
 -0.37893400060558E-04 -0.49314897955120E-04 -0.20800819324432E-03
 -0.12113007040972E-04 -0.61761102363833E-05 -0.13073976552834E-02
 -0.10793207749381E-03  0.89964644612755E-05 -0.37525917206297E-03
 -0.17158644975457E-04  0.39871423170509E-05 -0.13157871959673E-02
 -0.86758217177695E-04  0.81064910347492E-04 -0.45547992563548E-03
 -0.47794556653215E-06  0.26943527697662E-05 -0.13249801976980E-02
  0.30002683820803E-04  0.80141362205795E-04 -0.43498948927462E-03
  0.23369783291731E-04 -0.11988268915462E-04 -0.13170023388569E-02
  0.61654654620109E-04 -0.81591991240143E-05 -0.20800819193025E-03
  0.11405170416486E-04 -0.74021167136615E-05 -0.13073976547312E-02
 -0.61037872132657E-04  0.30479056587582E-05 -0.22853482734102E-03
  0.61286184881123E-04 -0.10331132560391E-03 -0.46529085009554E-03
 -0.12436663404281E-04 -0.16937119978186E-04 -0.13225346000957E-02
  0.49591266575649E-04  0.39387117041586E-05 -0.33039535147424E-03
 -0.20813047488128E-04 -0.16835984485436E-04 -0.13207885243961E-02
  0.99377730895530E-05  0.79809242227371E-04 -0.22384546574225E-03
 -0.84197957991399E-05 -0.10134975337955E-04 -0.13222055369290E-02
 -0.72814182038385E-04  0.59953144710075E-04 -0.32017904182527E-03
  0.16406629229566E-04 -0.97142099203329E-05 -0.13228176979049E-02
  0.76539655190184E-04  0.38561339283068E-04 -0.29510995276634E-03
  0.21129779769619E-04 -0.38370018176926E-05 -0.13114757963266E-02
 -0.23761255195686E-04  0.57474097158133E-04 -0.20800819215066E-03
  0.70783511296860E-06  0.13578226446778E-04 -0.13073976550698E-02
 -0.11156853230561E-03  0.22541616695644E-04 -0.41342154227092E-03
 -0.10879591731537E-04  0.22176971603029E-04 -0.13172290207446E-02
 -0.84405795664025E-04 -0.14087593624470E-04 -0.43498949060211E-03
 -0.51797742789527E-05  0.11470636182538E-04 -0.13261642601577E-02
  0.29462073138659E-04 -0.15896478509381E-04 -0.39154828309539E-03
 -0.16562058026688E-05 -0.35531885134143E-05 -0.13279760548923E-02
  0.13034989446793E-03 -0.24489204553134E-05 -0.46175135452933E-03
 -0.76491124058546E-05 -0.61069438642478E-05 -0.13249231079052E-02
  0.88772833744326E-04  0.71047621002694E-07 -0.27127045417857E-03
 -0.98570888352215E-05  0.72600580563038E-06 -0.13236090661879E-02
 -0.28397602017983E-04 -0.23710046132032E-04 -0.16104772086259E-03
  0.45743745039470E-05  0.17755531268760E-05 -0.13228916319973E-02
 -0.45140178121572E-04 -0.40351883204951E-04 -0.26169479970149E-03
  0.17509541961823E-04 -0.88491027850169E-05 -0.13191031136401E-02
  0.32587564165135E-04 -0.49595758245092E-04 -0.27695090955819E-03
  0.16449263195675E-04 -0.14253177499087E-04 -0.13150074247862E-02
  0.27879372992324E-04 -0.54384300792521E-04 -0.22853482736602E-03
 -0.20944054733618E-05 -0.17610904415120E-05 -0.13249801993082E-02
 -0.82117240646984E-04 -0.32000940138121E-04 -0.27005984402843E-03
 -0.26825162997931E-04 -0.11566727537350E-03 -0.45547991881303E-03
 -0.60707871127999E-04 -0.89698635433774E-04 -0.42553004802435E-03
 -0.96128884402874E-05  0.77805936999841E-05 -0.13079507484979E-02
 -0.13393959211143E-03  0.22954561330946E-04 -0.45354698374223E-03
 -0.12517380872426E-04  0.13498867759597E-04 -0.13187557031389E-02
 -0.61126682991124E-04  0.35012025732360E-04 -0.41536957886882E-03
 -0.64732139597698E-06  0.53396511380348E-05 -0.13269726176517E-02
  0.11358338122452E-03  0.34602365034471E-04 -0.45547992083782E-03
  0.25723522098398E-05 -0.93326206985229E-06 -0.13249801992480E-02
  0.10380486365350E-03 -0.15711028058892E-04 -0.33442489022089E-03
 -0.43900277897491E-05  0.88034864072767E-05 -0.13220105811201E-02
  0.15904860588661E-04 -0.67263297683638E-04 -0.20164499773781E-03
 -0.76846068076682E-07  0.12329100719090E-04 -0.13230475946653E-02
 -0.65508580429301E-04 -0.82042134033567E-04 -0.33442489170066E-03
  0.98190571284441E-05 -0.59986644084245E-06 -0.13220105814021E-02
  0.46174872492209E-04 -0.97970154132249E-04 -0.37525917305431E-03
  0.51263554706304E-05 -0.16853392964119E-04 -0.13157871968522E-02
 -0.48747271686890E-05 -0.85565952199424E-04 -0.29510995314248E-03
 -0.13887831227303E-04 -0.16380424282903E-04 -0.13114757971882E-02
 -0.59244967586036E-04 -0.34237796937178E-05 -0.27695090994791E-03
 -0.20568245255984E-04 -0.71188910873392E-05 -0.13150074239622E-02
 -0.79654164043562E-04  0.10280819286154E-03 -0.43750961044910E-03
 -0.24885634500081E-05 -0.32920018383693E-05 -0.13226856646826E-02
 -0.64922540492103E-05  0.10677023734355E-03 -0.45795649563904E-03
  0.17626696959365E-04 -0.38767766234039E-05 -0.13247533821627E-02
  0.58827138392599E-04  0.10473105681477E-03 -0.46529084698410E-03
  0.20886309271109E-04 -0.23019069847283E-05 -0.13225346008938E-02
  0.61757204144925E-04  0.88973689013921E-04 -0.37525917240859E-03
  0.12032287924340E-04  0.12866251398854E-04 -0.13157871964607E-02
  0.75436265786097E-05  0.67198957833473E-05 -0.25477113395179E-03
 -0.13027464255556E-05  0.26232960936247E-04 -0.13170023389239E-02
 -0.27733660787715E-05  0.20670309271922E-04 -0.13235481023348E-02
 -0.22795466469667E-04 -0.67609928258712E-04  0.24867572456334E-03
  0.60884645498832E-04  0.35431247754532E-04 -0.41536958357068E-03
  0.18751331373804E-04 -0.66536963798757E-05  0.13131107694647E-02
 -0.10912226235117E-05 -0.19588258042762E-04  0.13191031145503E-02
  0.85171200074178E-05 -0.65477659005978E-05  0.13208838074234E-02
  0.10521302801404E-03 -0.68555386554922E-04  0.44773553072957E-03
  0.12523749365271E-04  0.12495009964966E-05  0.13261642596764E-02
  0.30002683678462E-04 -0.80141361398478E-04  0.43498949046612E-03
 -0.47794635574710E-06 -0.26943531742784E-05  0.13249802004124E-02
 -0.86758217812592E-04 -0.81064909567221E-04  0.45547991807978E-03
 -0.17158643502894E-04 -0.39871413459037E-05  0.13157871960382E-02
 -0.10793207600865E-03 -0.89964645133685E-05  0.37525917277147E-03
 -0.12113007213878E-04  0.61761095310229E-05  0.13073976543416E-02
 -0.37893401002148E-04  0.49314896788728E-04  0.20800819018930E-03
  0.95012523752791E-05  0.16349849487213E-04  0.13111238953402E-02
 -0.15513855668206E-04  0.93035503552977E-04  0.32017904060231E-03
  0.68772246442942E-04  0.55115146308035E-04  0.27005984324413E-03
 -0.89219612163955E-04  0.59007577205885E-04  0.45795649883107E-03
 -0.54100493393147E-05 -0.27563538116635E-04  0.13167899861732E-02
 -0.52601829976618E-04 -0.27864551500148E-04  0.32502848332539E-03
  0.94087575785825E-05 -0.16403251885618E-04  0.13111238957159E-02
  0.13344992583885E-04 -0.87116086690174E-04  0.27005984177116E-03
  0.24645619707701E-04  0.16664826375364E-05  0.13172290197648E-02
  0.75305879022736E-04 -0.85350376073110E-04  0.41342154066050E-03
  0.19287695070385E-04  0.79333500330184E-05  0.13235481017688E-02
 -0.47327360121557E-04 -0.97423873286012E-04  0.42553004907360E-03
 -0.54290278718435E-05  0.82036196557002E-05  0.13220105796397E-02
 -0.38296282260561E-04 -0.97753163189850E-04  0.33442489106631E-03
 -0.22067036894635E-04  0.14244692162122E-04  0.13170023381876E-02
 -0.54559630194977E-05 -0.17203556400347E-04  0.13247533814038E-02
 -0.95914135868390E-05 -0.31730251580179E-05  0.25477113266227E-03
  0.20943992213527E-06 -0.19065663215281E-04  0.13228176971337E-02
  0.40952389446420E-05  0.50915757427670E-06  0.13226856632437E-02
 -0.14642113742514E-05 -0.96777991066468E-05  0.13249231076288E-02
 -0.67295774684945E-04  0.11166186151889E-03  0.46175135543359E-03
 -0.41738650971902E-05 -0.26442620033367E-04  0.13207885244939E-02
 -0.21384610318939E-04  0.44916653519505E-04  0.33039535195192E-03
  0.41189823161976E-05 -0.21372067039376E-04  0.13150074250483E-02
  0.26657405209462E-04 -0.53019536624372E-04  0.27695090928044E-03
  0.17949054447457E-04 -0.40909359583613E-05  0.13187557030717E-02
  0.86849029173614E-04 -0.10451780761405E-03  0.45354698484008E-03
  0.12987045436135E-04  0.22242703482614E-05  0.13222055373066E-02
 -0.74085716503303E-04  0.31298256779003E-04  0.22384546426411E-03
 -0.38248620949391E-05 -0.30737476169735E-05  0.13228916329788E-02
  0.34732301383273E-04  0.12738020082206E-04  0.16104772330471E-03
 -0.49207424871602E-04  0.12038662748916E-03  0.43750960934887E-03
 -0.10896319347487E-04  0.28466571669746E-05  0.13235532784758E-02
 -0.38623388765885E-05  0.68447013588236E-05  0.13267344988556E-02
  0.88308805745650E-04  0.11271374597769E-04  0.43383548407488E-03
 -0.22490486822633E-05 -0.32109113238532E-05  0.13279760515447E-02
 -0.28497789321462E-04  0.17566665540916E-04  0.39154829112672E-03
 -0.84496459216663E-05 -0.19239027402821E-04  0.13225346010672E-02
 -0.12011332614988E-03  0.14197298954214E-05  0.46529084566150E-03
 -0.72419484115583E-05 -0.20217427183784E-04  0.13114757968450E-02
 -0.71664926367094E-04 -0.47004614544568E-04  0.29510995118300E-03
  0.11544635766145E-04 -0.44347096162035E-05  0.13079507480146E-02
  0.33158500404480E-04 -0.51336394890877E-04  0.22853482762644E-03
  0.26575748159791E-04  0.90965298604068E-05  0.13167899863502E-02
  0.50432325070204E-04 -0.31622246256273E-04  0.32502848371123E-03
  0.12809303653829E-03 -0.44251462906818E-05  0.40536311433931E-03
 -0.13766026145497E-04  0.20510489884822E-04  0.13172290198290E-02
  0.36262653762791E-04  0.10789199060966E-03  0.41342154298701E-03
  0.14119709918977E-05  0.10649925206287E-04  0.13208838069634E-02
 -0.27733649839697E-05 -0.20670307919910E-04  0.13235481038284E-02
 -0.60707870790362E-04  0.89698632383036E-04  0.42553004919242E-03
 -0.13027469559804E-05 -0.26232960660159E-04  0.13170023393558E-02
  0.75436277006539E-05 -0.67198947572213E-05  0.25477113282267E-03
  0.12032287639296E-04 -0.12866251022186E-04  0.13157871958264E-02
  0.61757205186586E-04 -0.88973689597667E-04  0.37525917363625E-03
  0.20886306053556E-04  0.23019068253163E-05  0.13225346018469E-02
  0.58827142218993E-04 -0.10473105525307E-03  0.46529084708687E-03
 -0.51797753260019E-05 -0.11470636606700E-04  0.13261642580892E-02
 -0.84405796851099E-04  0.14087595114298E-04  0.43498949033602E-03
 -0.10879591165333E-04 -0.22176971820401E-04  0.13172290210761E-02
 -0.11156853291787E-03 -0.22541616038224E-04  0.41342154227880E-03
 -0.26825161935000E-04  0.11566727672579E-03  0.45547991803177E-03
  0.70783516491865E-06 -0.13578227134347E-04  0.13073976553683E-02
  0.21129780485314E-04  0.38370025906822E-05  0.13114757957498E-02
  0.76539654652178E-04 -0.38561339524412E-04  0.29510995395453E-03
 -0.18910011658782E-04  0.53403023582402E-07  0.13111238949985E-02
 -0.82117240455425E-04  0.32000939212491E-04  0.27005984534230E-03
 -0.19317476910092E-05  0.12215302783062E-04  0.13079507484862E-02
  0.27879371854452E-04  0.54384302362894E-04  0.22853482964944E-03
  0.16449262161519E-04  0.14253177494433E-04  0.13150074252767E-02
  0.32587562475594E-04  0.49595759325791E-04  0.27695090933971E-03
 -0.54316724829480E-05  0.17589802921714E-04  0.13187557030077E-02
  0.47090563061525E-04  0.12747236831763E-03  0.45354698511861E-03
 -0.43006134917462E-05  0.32304249510533E-05  0.13269726153577E-02
  0.24203831855600E-06  0.70443272476923E-04  0.41536958504410E-03
 -0.23761253712173E-04 -0.57474096411007E-04  0.20800819358488E-03
 -0.20944046864703E-05  0.17610922022713E-05  0.13249801993611E-02
  0.11358337925696E-03 -0.34602365687636E-04  0.45547991902027E-03
  0.25723536283336E-05  0.93326206461223E-06  0.13249801988878E-02
  0.67641938501936E-05  0.12539484920334E-03  0.44773552931263E-03
 -0.12517380993031E-04 -0.13498869036483E-04  0.13187557027093E-02
 -0.13393959134046E-03 -0.22954562414401E-04  0.45354698504074E-03
 -0.96128890771221E-05 -0.77805929774266E-05  0.13079507489826E-02
 -0.61037871438619E-04 -0.30479047279817E-05  0.22853482609519E-03
  0.11405170760230E-04  0.74021170419170E-05  0.13073976553275E-02
  0.61654654875334E-04  0.81591985942075E-05  0.20800819092766E-03
  0.23369784197063E-04  0.11988268740120E-04  0.13170023383918E-02
  0.20477872547434E-05  0.98929217734848E-05  0.25477113203116E-03
  0.10715738445101E-04  0.60979992973311E-05  0.13230475955843E-02
 -0.66204154222935E-04 -0.19857637550644E-04  0.20164500102464E-03
 -0.10638891286770E-04  0.62311008959352E-05  0.13230475958902E-02
  0.50299296458699E-04 -0.47405661649730E-04  0.20164500115405E-03
 -0.16514329228071E-04  0.12736958753419E-04  0.13235481033526E-02
  0.10803523118278E-03  0.77252426004217E-05  0.42553005080768E-03
 -0.73439765735765E-05  0.10221133847332E-04  0.13261642596025E-02
  0.54403113204479E-04  0.66053765611410E-04  0.43498948933136E-03
 -0.13887830468083E-04  0.16380423846297E-04  0.13114757961280E-02
 -0.48747290541704E-05  0.85565954025043E-04  0.29510995272259E-03
  0.51263562559473E-05  0.16853393008063E-04  0.13157871957638E-02
  0.46174872256982E-04  0.97970152893887E-04  0.37525917435564E-03
  0.98190577245919E-05  0.59986678331256E-06  0.13220105801337E-02
 -0.65508581129969E-04  0.82042134580527E-04  0.33442489188345E-03
 -0.76846559405513E-07 -0.12329101273741E-04  0.13230475943104E-02
  0.15904858683144E-04  0.67263298342631E-04  0.20164500069289E-03
 -0.43900278751483E-05 -0.88034856705377E-05  0.13220105802762E-02
  0.10380486284253E-03  0.15711027655546E-04  0.33442489067071E-03
  0.27455272488452E-04  0.11527221094601E-03  0.45983891627853E-03
 -0.56927843971519E-05  0.11226976744715E-04  0.13238998273932E-02
  0.57515845562607E-04  0.18916599451428E-04  0.26169479958380E-03
  0.95711865525827E-04  0.47762662261147E-04  0.45795649886524E-03
 -0.15594918374914E-04  0.88393989368558E-04  0.36077294349344E-03
 -0.15137934524731E-04 -0.12912280342263E-04  0.13131107703706E-02
  0.55572847498492E-05 -0.81734853934412E-05  0.13236090672878E-02
 -0.11355630028841E-03 -0.33859143012715E-04  0.45983891816661E-03
 -0.68764523996346E-05 -0.10543584881643E-04  0.13238998265988E-02
 -0.44324888919346E-04  0.76915053371386E-04  0.27127045569887E-03
 -0.96428365037631E-06 -0.33463139279996E-04  0.39154828504996E-03
 -0.45672489244860E-05 -0.12359246264512E-04  0.13222055369472E-02
  0.64147944384259E-04  0.48510984536309E-04  0.22384546594553E-03
  0.39052561609789E-05 -0.34227654687782E-06  0.13279760526206E-02
 -0.16066764677506E-05 -0.38011590886476E-05  0.13226856640226E-02
  0.21695054325970E-05  0.59486798009461E-04  0.32502848437036E-03
  0.12886159051178E-03 -0.17578433571294E-04  0.43750960898962E-03
 -0.21165699551563E-04  0.18467008848975E-04  0.13167899871900E-02
  0.49479364863857E-05  0.21092272721362E-05  0.13269726172995E-02
  0.10371244856011E-04  0.98298865023552E-05  0.13190167457400E-02
 -0.11038594239971E-03 -0.87407595396014E-05  0.35659311528706E-03
  0.47623252000455E-04  0.99967413523374E-04  0.35659311396728E-03
 -0.36133958791481E-05  0.19565977671652E-04  0.13131107700116E-02
  0.88328037408157E-04 -0.33082358621535E-04  0.32017904072258E-03
 -0.63347006466751E-05 -0.36448065997483E-04  0.16104772301547E-03
 -0.12170735167759E-04  0.13326780415725E-04  0.13247533809169E-02
 -0.74951284744030E-06  0.48493017697669E-05  0.13228916325408E-02
  0.91133254160184E-05  0.35708536752027E-05  0.13249231068220E-02
 -0.68981681815190E-04 -0.31624322529813E-05  0.24355016231305E-03
 -0.63054121934524E-04 -0.11411078156598E-03  0.46175135521578E-03
  0.60884643930341E-04 -0.35431247351851E-04  0.41536957890765E-03
  0.19865990100781E-04  0.85811023816520E-05  0.13208963381678E-02
  0.69949647755392E-04  0.14063511472762E-04  0.24867572543967E-03
 -0.68753983757115E-04 -0.57702588961348E-04  0.36077294030413E-03
  0.20540163375081E-04  0.12713903151199E-04  0.13120875407161E-02
 -0.21280643537863E-04  0.11431350913179E-04  0.13120875417989E-02
 -0.47154181189932E-04  0.53546415580213E-04  0.24867572527916E-03
  0.22217346857466E-13 -0.31088023588880E-12  0.16877102538067E-03
 -0.35145653689430E-12  0.12995035594333E-12  0.13053328680745E-02
 -0.13698554734625E-04  0.40668201914042E-05  0.13190167458976E-02
 -0.12375667258940E-04 -0.59268482865298E-04  0.26169479864750E-03
 -0.16616067342488E-04  0.93514518331913E-05  0.13228176968357E-02
 -0.67878806749718E-04 -0.10871924917332E-03  0.40536311529755E-03
  0.37229587713649E-04 -0.58158673373411E-04  0.24355016292746E-03
  0.79134374659410E-05  0.80131608563110E-05  0.13235532794940E-02
 -0.28206657114440E-04 -0.40977942765441E-04  0.33039535300681E-03
 -0.18447839377149E-04  0.19028997471560E-04  0.13215541475498E-02
 -0.44447944209567E-04 -0.76844004869427E-04  0.27127045663366E-03
  0.42998039623592E-05  0.88994904647715E-05  0.13236090668214E-02
  0.62448573215315E-04  0.61388904747664E-04  0.42293473896766E-03
  0.62762692532922E-04 -0.91226651612328E-04  0.35659311531289E-03
  0.25703514574865E-04  0.64617996382022E-05  0.13215541467500E-02
  0.21940062165285E-04 -0.84776504572114E-04  0.42293473608441E-03
  0.24986913399943E-04  0.96066370700634E-05  0.13207885246343E-02
 -0.16418318402827E-04  0.10739154843126E-04  0.13191031142682E-02
 -0.17364448153917E-04  0.12913901303450E-04  0.13208963375742E-02
 -0.20838660182272E-04  0.14211589790244E-04 -0.13480208126035E-02
  0.54488058486144E-05  0.86931676296377E-05  0.13194876198833E-02
 -0.28334886095513E-04  0.35174260481923E-04 -0.13472786892362E-02
  0.64991310542088E-05  0.31790293591957E-04  0.13333194878706E-02
  0.17218678479153E-05  0.90090935696301E-05  0.13141414156740E-02
 -0.11227031322028E-04 -0.25105941383630E-04 -0.13550838511333E-02
 -0.18882667001982E-05 -0.25152604902048E-04 -0.13480208121228E-02
  0.11414599992819E-04 -0.99706267445842E-05  0.13560029546112E-02
  0.22906858100162E-04 -0.16233106444096E-05  0.13412391398111E-02
  0.64991301917525E-05 -0.31790294373295E-04 -0.13333194889561E-02
  0.13030660732902E-05 -0.29240051859113E-05  0.13142430683682E-02
 -0.31876829760960E-04 -0.24684905023246E-04  0.13402073691004E-02
  0.17218704984342E-05 -0.90090932228434E-05 -0.13141414149039E-02
 -0.13440836313622E-04 -0.17488365723158E-04  0.13304345412345E-02
 -0.10047600693256E-04 -0.20649574732911E-04 -0.13412391395728E-02
 -0.24207776339307E-04 -0.27208269008543E-04  0.13393186798870E-02
 -0.15548293246691E-04  0.25197779980072E-05 -0.13469706470844E-02
 -0.60299514656906E-06 -0.16050735214372E-04 -0.13202714738496E-02
 -0.63670252410244E-05  0.20242024934371E-04 -0.13529162539985E-02
 -0.27944032543869E-05 -0.38092352084661E-05 -0.13227104226382E-02
 -0.30780767484866E-04  0.10266733907150E-04 -0.13333194895481E-02
  0.27355897326715E-04 -0.28300761376856E-05  0.13550838513011E-02
 -0.11100211582951E-04  0.77145057794226E-05  0.13479564458350E-02
 -0.27589680752323E-04 -0.24087839953990E-04 -0.13453376763233E-02
 -0.63670270759310E-05 -0.20242025572767E-04  0.13529162532932E-02
 -0.16294360719015E-04 -0.42125861153665E-04 -0.13472786892023E-02
 -0.13696367895692E-04 -0.31915579357310E-04  0.13478124127943E-02
  0.70366555299362E-05  0.82935843399704E-05  0.13358479080890E-02
 -0.84249509295836E-05 -0.20384287971512E-04 -0.13304345413118E-02
 -0.28334885037323E-04 -0.35174260236482E-04  0.13472786892428E-02
 -0.28117659648755E-04 -0.29735304118501E-04  0.13467128150782E-02
  0.15697049791544E-04  0.14597795823987E-04 -0.13219621410928E-02
  0.12231063840198E-04  0.57558132397021E-05  0.13479564451204E-02
 -0.20838660047861E-04 -0.14211588629983E-04  0.13480208131766E-02
  0.35666941713930E-04  0.73604170030619E-05 -0.13393186780468E-02
 -0.11459165261087E-04 -0.34568684426072E-04 -0.13393186792864E-02
 -0.19016936063847E-05 -0.43246429266869E-05  0.13227104221657E-02
 -0.14342116896360E-04 -0.49000217041146E-05  0.13560029542486E-02
  0.27355897671379E-04  0.28300758373154E-05 -0.13550838515846E-02
 -0.18882671891787E-05  0.25152604154291E-04  0.13480208122897E-02
  0.46960963999652E-05 -0.51540799918432E-06 -0.13227104231674E-02
  0.20724963966314E-04  0.23328304312388E-04  0.13387322241808E-02
 -0.20990508216412E-04 -0.30661883042511E-04  0.13501898101711E-02
 -0.26950982758347E-04  0.82931588266726E-05  0.13462019970953E-02
  0.37049223843700E-04 -0.28473728611821E-05  0.13501898114723E-02
  0.99563402289282E-05 -0.12205327075273E-04  0.13469706478660E-02
 -0.23144899028906E-04  0.36264556657353E-05  0.13295242499340E-02
 -0.16128864445492E-04 -0.22275865340595E-04  0.13550838511904E-02
 -0.10262004284642E-04  0.26430362632385E-04  0.13508835909605E-02
 -0.13886502363146E-04 -0.19475889245325E-04 -0.13430671254303E-02
  0.84318476433295E-05 -0.21857299195550E-04  0.13295242503206E-02
  0.27496303674154E-04  0.10668507333269E-04  0.13381894107225E-02
 -0.30865634478363E-05  0.13635131296433E-04 -0.13303240203619E-02
 -0.14346595083253E-04  0.15635018272457E-04  0.13529162530946E-02
  0.21865785030699E-04  0.28959228513855E-05 -0.13304345408119E-02
 -0.21117528325543E-04  0.30915865277238E-04  0.13471607433279E-02
  0.20713622206159E-04 -0.46070047109625E-05 -0.13529162530118E-02
  0.24281636448663E-04  0.21523561460271E-04 -0.13333194874351E-02
  0.62934052722500E-05 -0.27486816081743E-04  0.13462019959298E-02
  0.44629245721828E-04  0.69515984096881E-05 -0.13472786899924E-02
  0.10394366878725E-04  0.90824306242924E-06  0.13583656613167E-02
 -0.16058714740279E-04  0.33509255980742E-04  0.13501898109548E-02
  0.28020368326564E-04  0.43280265728338E-05 -0.13508835908399E-02
  0.14201843156977E-04 -0.75031576959292E-05  0.13202714730611E-02
  0.69411686126436E-05  0.59957289683317E-05 -0.13141414136788E-02
  0.34487886611864E-04  0.40963877220507E-05  0.13478124132696E-02
 -0.99233644198399E-05  0.21764009372050E-04 -0.13430671253424E-02
  0.23809866915286E-04  0.22881196046164E-05  0.13430671257290E-02
 -0.12859259322593E-04 -0.19026268623924E-04  0.13412391404439E-02
 -0.30780768660826E-04 -0.10266735179598E-04  0.13333194872034E-02
 -0.19219402692026E-04 -0.37001921227356E-04 -0.13513717638084E-02
 -0.13598846966056E-04  0.85475770104758E-05 -0.13202714741539E-02
  0.55919543478460E-05 -0.14725105742020E-04 -0.13469706473642E-02
 -0.10700782209166E-04  0.19471324871210E-05  0.13358479089193E-02
 -0.16215161408141E-04 -0.33746250299146E-04  0.13471607436699E-02
 -0.59837450149105E-05 -0.85476658152975E-05 -0.13583656610263E-02
 -0.27589680788431E-04  0.24087840872292E-04  0.13453376757089E-02
 -0.11692699993809E-04  0.39218259737342E-04  0.13467128134847E-02
 -0.17758363347734E-04  0.22102337552806E-04 -0.13508835897368E-02
 -0.22434902985940E-04  0.35145452586587E-04 -0.13513717636394E-02
  0.37316170927976E-04 -0.15263693123046E-04  0.13402073688427E-02
  0.41654306869781E-04 -0.18564703621053E-05  0.13513717627522E-02
 -0.10265088436861E-04  0.94906066665654E-05  0.13303240183156E-02
 -0.16294360906981E-04  0.42125861610650E-04  0.13472786897414E-02
  0.27683048035953E-04 -0.12586588484941E-04  0.13295590701022E-02
 -0.29412176079933E-05  0.30267516885554E-04  0.13295590704507E-02
  0.22726927593519E-04  0.10941012666251E-04 -0.13480208132117E-02
 -0.84249513320878E-05  0.20384289214917E-04  0.13304345404954E-02
  0.34655523605525E-04 -0.11849445504294E-04 -0.13453376759183E-02
 -0.44106238477317E-05  0.94559082128256E-05 -0.13583656607203E-02
  0.43919800739762E-04  0.48861686082083E-06  0.13477124167271E-02
  0.13351652256697E-04 -0.41445241395432E-05 -0.13303240194354E-02
  0.18807282945482E-05  0.25904881086410E-05  0.13142430695528E-02
  0.48041008042870E-05 -0.90653860141485E-05  0.13194876209548E-02
 -0.70658402537492E-05  0.35937285955635E-04 -0.13453376769364E-02
 -0.86630383254239E-05 -0.30133656785361E-05  0.13141414144363E-02
 -0.22383056741231E-04 -0.37791354003490E-04 -0.13477124152359E-02
  0.35666940932231E-04 -0.73604138910646E-05  0.13393186793366E-02
 -0.16215161745551E-04  0.33746248948707E-04 -0.13471607433750E-02
  0.98404216284732E-05  0.29612497086580E-04 -0.13387322250247E-02
  0.62934043650558E-05  0.27486816150823E-04 -0.13462019956131E-02
  0.69411674987334E-05 -0.59957313406151E-05  0.13141414144696E-02
  0.34487885733983E-04 -0.40963875511728E-05 -0.13478124127776E-02
 -0.10252902239570E-04 -0.37221781053534E-06 -0.13194876211922E-02
  0.21865785737185E-04 -0.28959218345991E-05  0.13304345410346E-02
  0.27496303099031E-04 -0.10668507891290E-04 -0.13381894109344E-02
 -0.11459162623654E-04  0.34568685161142E-04  0.13393186784218E-02
 -0.19016923834046E-05  0.43246436622039E-05 -0.13227104234556E-02
  0.20713620230215E-04  0.46070062603582E-05  0.13529162535018E-02
 -0.31837949066173E-05 -0.33351579394366E-06 -0.13142430699493E-02
 -0.60299722356635E-06  0.16050733705289E-04  0.13202714737238E-02
 -0.23144898821030E-04 -0.36264564556765E-05 -0.13295242501011E-02
 -0.21117529021382E-04 -0.30915865541887E-04 -0.13471607436919E-02
 -0.22383055194530E-04  0.37791354435510E-04  0.13477124159756E-02
  0.14713050698411E-04 -0.18230842005766E-04 -0.13295242501759E-02
 -0.16058716234441E-04 -0.33509256397064E-04 -0.13501898095966E-02
 -0.22434901534561E-04 -0.35145451940254E-04  0.13513717626610E-02
 -0.10700780945207E-04 -0.19471343925458E-05 -0.13358479084663E-02
 -0.20490585096147E-04 -0.62951464620393E-05  0.13219621411138E-02
  0.84318478644721E-05  0.21857300423733E-04 -0.13295242496677E-02
  0.20657579027812E-04 -0.19193656576059E-04 -0.13462019955663E-02
 -0.30565387327770E-04  0.62841916260627E-05  0.13387322248373E-02
  0.37316171691867E-04  0.15263692828364E-04 -0.13402073688679E-02
 -0.22987350260378E-04  0.18478244779441E-04  0.13381894121678E-02
 -0.44106226485812E-05 -0.94559093173876E-05  0.13583656614936E-02
 -0.27944043590945E-05  0.38092350124453E-05  0.13227104226338E-02
 -0.14342115751035E-04  0.49000221156097E-05 -0.13560029551825E-02
 -0.54393399555708E-05  0.39948598401249E-04  0.13402073689557E-02
  0.48041011954276E-05  0.90653841245333E-05 -0.13194876211482E-02
 -0.31837955494104E-05  0.33351548600879E-06  0.13142430698965E-02
  0.27683046828404E-04  0.12586588653853E-04 -0.13295590693758E-02
 -0.30565384685080E-04 -0.62841924281170E-05 -0.13387322242941E-02
  0.37049225080390E-04  0.28473719293091E-05 -0.13501898103206E-02
 -0.10252904638500E-04  0.37221783734039E-06  0.13194876194794E-02
  0.20657577749901E-04  0.19193655045466E-04  0.13462019966131E-02
  0.11414601161578E-04  0.99706265234883E-05 -0.13560029552163E-02
 -0.10047602169071E-04  0.20649578211777E-04  0.13412391413327E-02
 -0.20990508220649E-04  0.30661885218754E-04 -0.13501898101416E-02
 -0.24741828417321E-04  0.17680927062663E-04 -0.13295590697191E-02
 -0.28117660930362E-04  0.29735305127337E-04 -0.13467128143843E-02
 -0.11227029972362E-04  0.25105940770384E-04  0.13550838524127E-02
 -0.11308510621825E-05 -0.13470319215436E-04  0.13479564446105E-02
 -0.11100212822307E-04 -0.77145063334127E-05 -0.13479564456314E-02
  0.36641236285704E-05  0.10240716061855E-04 -0.13358479077456E-02
 -0.15548294429116E-04 -0.25197798583041E-05  0.13469706485060E-02
  0.62844392137222E-05 -0.33948568194683E-04 -0.13423096981429E-02
  0.47935357818768E-05 -0.20892939885347E-04 -0.13219621422408E-02
 -0.32542540063184E-04 -0.11531798422817E-04  0.13423096980485E-02
  0.37332689305347E-04 -0.28303859603665E-05 -0.13471607435206E-02
  0.13030666854183E-05  0.29240043527845E-05 -0.13142430706720E-02
 -0.21536745970963E-04 -0.38279972504780E-04  0.13477124157767E-02
 -0.20791518605820E-04  0.27819192074361E-04  0.13478124133937E-02
  0.70366570692787E-05 -0.82935828337167E-05 -0.13358479076477E-02
  0.39810358864625E-04  0.94829544543006E-05 -0.13467128148310E-02
  0.29275138468707E-05 -0.14870645716559E-04 -0.13560029551791E-02
  0.41654304839229E-04  0.18564712405076E-05 -0.13513717634185E-02
 -0.13440836612916E-04  0.17488366009612E-04 -0.13304345413481E-02
  0.29275146823262E-05  0.14870648343006E-04  0.13560029543666E-02
  0.99563407673226E-05  0.12205328358946E-04 -0.13469706483119E-02
 -0.59837450725899E-05  0.85476653048122E-05  0.13583656616277E-02
 -0.20490587745250E-04  0.62951457708253E-05 -0.13219621394720E-02
  0.54488027593071E-05 -0.86931659187596E-05 -0.13194876206489E-02
 -0.17758365103450E-04 -0.22102338447576E-04  0.13508835897783E-02
 -0.86630398366214E-05  0.30133614015260E-05 -0.13141414157285E-02
  0.98404217831261E-05 -0.29612496445882E-04  0.13387322248587E-02
 -0.16837345390264E-11 -0.53048255759713E-12 -0.13107391782006E-02
 -0.10265088379925E-04 -0.94906066490304E-05 -0.13303240181949E-02
 -0.70658412430817E-05 -0.35937285810672E-04  0.13453376762113E-02
 -0.10262005315908E-04 -0.26430363681141E-04 -0.13508835911414E-02
  0.22726927187900E-04 -0.10941011778116E-04  0.13480208129590E-02
 -0.14346594479306E-04 -0.15635017238942E-04 -0.13529162545441E-02
  0.20724962837199E-04 -0.23328302974288E-04 -0.13387322249157E-02
  0.15697049891010E-04 -0.14597797839234E-04  0.13219621397572E-02
 -0.12859256452574E-04  0.19026266210096E-04 -0.13412391395305E-02
  0.34655522563105E-04  0.11849443736864E-04  0.13453376755750E-02
  0.14713052343758E-04  0.18230844042395E-04  0.13295242498251E-02
 -0.45089533218565E-05  0.29146751663907E-04 -0.13381894111127E-02
 -0.45089525969275E-05 -0.29146750835287E-04  0.13381894113780E-02
  0.13351651504204E-04  0.41445250663924E-05  0.13303240180101E-02
  0.26258100345967E-04  0.22416767980044E-04 -0.13423096967446E-02
  0.62844397520972E-05  0.33948565991091E-04  0.13423096974308E-02
  0.43919801006845E-04 -0.48861697590956E-06 -0.13477124163722E-02
 -0.13598846703136E-04 -0.85475794245593E-05  0.13202714734288E-02
  0.26258101138777E-04 -0.22416766994025E-04  0.13423096970610E-02
  0.22906860040535E-04  0.16233096849699E-05 -0.13412391396445E-02
  0.47935374349825E-05  0.20892940775725E-04  0.13219621415469E-02
  0.39810359840721E-04 -0.94829560676117E-05  0.13467128143439E-02
  0.12231064705114E-04 -0.57558135255110E-05 -0.13479564464511E-02
  0.55919535974089E-05  0.14725107133238E-04  0.13469706489782E-02
 -0.11308522066211E-05  0.13470318563740E-04 -0.13479564462001E-02
 -0.24207777033485E-04  0.27208268907640E-04 -0.13393186797389E-02
 -0.13886503146569E-04  0.19475889906934E-04  0.13430671259435E-02
 -0.24741826745055E-04 -0.17680926953158E-04  0.13295590712457E-02
 -0.31876831656988E-04  0.24684905816281E-04 -0.13402073678102E-02
 -0.21536745077938E-04  0.38279972379708E-04 -0.13477124157057E-02
 -0.30865619859861E-05 -0.13635129937042E-04  0.13303240190083E-02
 -0.26950981161992E-04 -0.82931587044645E-05 -0.13462019968710E-02
 -0.11692699765257E-04 -0.39218261227313E-04 -0.13467128151583E-02
  0.24281637375487E-04 -0.21523560607830E-04  0.13333194875950E-02
 -0.54393395570818E-05 -0.39948597720962E-04 -0.13402073679761E-02
 -0.29412196499643E-05 -0.30267517232970E-04 -0.13295590708107E-02
  0.36641231241633E-05 -0.10240716124078E-04  0.13358479075308E-02
  0.44629245473701E-04 -0.69516015396702E-05  0.13472786898617E-02
  0.18807297435093E-05 -0.25904900747204E-05 -0.13142430701508E-02
 -0.20791518389688E-04 -0.27819192618746E-04 -0.13478124128709E-02
  0.14201844001800E-04  0.75031563054725E-05 -0.13202714733406E-02
  0.28020369409026E-04 -0.43280239684900E-05  0.13508835907397E-02
  0.23809867547790E-04 -0.22881188527594E-05 -0.13430671260203E-02
  0.37332690103640E-04  0.28303851079159E-05  0.13471607427255E-02
 -0.99233647128332E-05 -0.21764007892843E-04  0.13430671267327E-02
  0.10394368153649E-04 -0.90824439665101E-06 -0.13583656607718E-02
 -0.32542542398729E-04  0.11531797115240E-04 -0.13423096977591E-02
 -0.16128867272046E-04  0.22275864150767E-04 -0.13550838515858E-02
  0.46960963201247E-05  0.51540809946212E-06  0.13227104214555E-02
 -0.13696367925875E-04  0.31915579507801E-04 -0.13478124128525E-02
 -0.22987350222953E-04 -0.18478243388556E-04 -0.13381894110904E-02
 -0.19219402989379E-04  0.37001921537207E-04  0.13513717640280E-02
  0.23571726510387E-12  0.38582584939396E-12  0.13107391782074E-02
